15 14
1 1 1 3 3 18 18 18 18 18 18 54 54 54 54
222 222 0 0 102 102 153 153 102 102 0 0 0 0
1 1 0 0 0 0 0 0 0 0 0 0 0 0 1 0 0 0 0 0 0 0 0 0 0 0 0 0 0 0 0 0 0 0 0 0 0 0 0 0 0 0 0 0 0 0 0 0 0 0 0 0 0 0 0 0 0 0 0 0 0 18 0 18 0 0 0 0 0 0 18 0 18 0 0 0 0 0 18 0 0 0 0 0 0 18 0 0 0 0 0 0 0 0 0 0 0 0 0 0 0 0 0 0 0
1 1 0 0 0 0 0 0 0 0 0 0 0 0 1 0 0 0 0 0 0 0 0 0 0 0 0 0 0 0 0 0 0 0 0 0 0 0 0 0 0 0 0 0 0 0 0 0 0 0 0 0 0 0 0 0 0 0 0 0 0 18 0 18 0 0 0 0 0 0 18 0 18 0 0 0 0 0 18 0 0 0 0 0 0 18 0 0 0 0 0 0 0 0 0 0 0 0 0 0 0 0 0 0 0
0 0 1 1 0 0 0 0 0 0 0 0 0 0 0 1 1 0 0 0 0 0 0 0 0 0 0 1 1 0 0 0 0 0 0 0 0 0 0 3 0 0 0 0 0 0 0 0 0 0 0 0 0 0 0 0 0 0 0 0 0 0 0 0 0 18 0 18 0 0 0 0 0 0 18 0 18 0 0 0 18 0 18 0 0 0 0 18 0 18 0 18 0 18 0 0 18 0 18 0 54 0 0 54 0
0 0 1 1 0 0 0 0 0 0 0 0 0 0 0 1 1 0 0 0 0 0 0 0 0 0 0 1 1 0 0 0 0 0 0 0 0 0 0 3 0 0 0 0 0 0 0 0 0 0 0 0 0 0 0 0 0 0 0 0 0 0 0 0 0 18 0 18 0 0 0 0 0 0 18 0 18 0 0 0 18 0 18 0 0 0 0 18 0 18 0 18 0 18 0 0 18 0 18 0 54 0 0 54 0
0 0 0 0 1 0 0 0 1 0 0 0 0 0 0 0 0 0 0 1 0 1 0 0 0 0 0 0 0 1 0 1 0 0 0 0 0 0 0 0 0 0 0 0 0 0 6 0 0 0 0 0 0 0 0 0 0 0 6 0 9 8 9 8 0 0 0 0 0 9 9 0 9 0 0 0 0 0 8 9 0 0 0 0 9 9 0 0 0 0 9 0 0 0 0 0 0 0 0 0 0 54 54 0 0
0 0 0 0 0 1 0 0 0 1 0 0 0 0 0 0 0 0 1 0 1 0 0 0 0 0 0 0 0 0 0 0 1 0 1 0 0 0 0 0 0 0 0 0 0 0 0 0 0 6 0 0 0 0 0 0 0 6 0 0 9 9 9 9 0 0 0 0 0 9 8 0 8 0 0 0 0 0 9 9 0 0 0 0 9 8 0 0 0 0 9 0 0 0 0 0 0 0 0 0 0 54 54 0 0
0 0 0 0 0 0 2 0 0 0 0 0 0 0 0 0 0 2 0 0 0 0 0 0 0 0 0 0 0 0 0 0 0 2 0 0 0 0 0 0 0 0 0 0 0 0 6 0 0 0 0 0 0 0 0 0 0 0 6 0 0 0 0 0 18 0 0 0 0 0 0 18 0 0 0 0 0 18 0 0 0 0 0 0 0 0 0 0 0 0 0 0 0 0 0 0 0 0 0 0 0 54 54 0 0
0 0 0 0 0 0 0 2 0 0 0 0 0 0 0 0 0 0 0 0 0 0 2 0 0 0 0 0 0 0 2 0 0 0 0 0 0 0 0 0 0 0 0 0 0 0 0 0 0 6 0 0 0 0 0 0 0 6 0 0 0 0 0 0 18 0 0 0 0 0 0 18 0 0 0 0 0 18 0 0 0 0 0 0 0 0 0 0 0 0 0 0 0 0 0 0 0 0 0 0 0 54 54 0 0
0 0 0 0 1 0 0 0 1 0 0 0 0 0 0 0 0 0 0 1 0 1 0 0 0 0 0 0 0 1 0 1 0 0 0 0 0 0 0 0 0 0 0 0 0 0 6 0 0 0 0 0 0 0 0 0 0 0 6 0 9 8 9 8 0 0 0 0 0 9 9 0 9 0 0 0 0 0 8 9 0 0 0 0 9 9 0 0 0 0 9 0 0 0 0 0 0 0 0 0 0 54 54 0 0
0 0 0 0 0 1 0 0 0 1 0 0 0 0 0 0 0 0 1 0 1 0 0 0 0 0 0 0 0 0 0 0 1 0 1 0 0 0 0 0 0 0 0 0 0 0 0 0 0 6 0 0 0 0 0 0 0 6 0 0 9 9 9 9 0 0 0 0 0 9 8 0 8 0 0 0 0 0 9 9 0 0 0 0 9 8 0 0 0 0 9 0 0 0 0 0 0 0 0 0 0 54 54 0 0
0 0 0 0 0 0 0 0 0 0 1 0 1 0 0 0 0 0 0 0 0 0 0 1 0 1 0 0 0 0 0 0 0 0 0 1 0 1 0 0 1 0 1 0 1 0 0 0 3 0 1 0 1 0 1 0 3 0 0 0 0 0 0 0 0 8 9 8 9 0 0 0 0 9 9 9 9 0 0 0 8 9 8 9 0 0 9 9 9 9 0 8 9 8 9 9 9 9 9 27 24 0 0 27 27
0 0 0 0 0 0 0 0 0 0 0 1 0 1 0 0 0 0 0 0 0 0 0 0 1 0 1 0 0 0 0 0 0 0 0 0 1 0 1 0 0 1 0 1 0 1 0 3 0 0 0 1 0 1 0 1 0 0 0 3 0 0 0 0 0 9 9 9 9 0 0 0 0 9 8 9 8 0 0 0 9 9 9 9 0 0 9 8 9 8 0 9 9 9 9 9 8 9 8 27 27 0 0 24 27
0 0 0 0 0 0 0 0 0 0 1 0 1 0 0 0 0 0 0 0 0 0 0 1 0 1 0 0 0 0 0 0 0 0 0 1 0 1 0 0 1 0 1 0 1 0 0 0 3 0 1 0 1 0 1 0 3 0 0 0 0 0 0 0 0 8 9 8 9 0 0 0 0 9 9 9 9 0 0 0 8 9 8 9 0 0 9 9 9 9 0 8 9 8 9 9 9 9 9 27 24 0 0 27 27
0 0 0 0 0 0 0 0 0 0 0 1 0 1 0 0 0 0 0 0 0 0 0 0 1 0 1 0 0 0 0 0 0 0 0 0 1 0 1 0 0 1 0 1 0 1 0 3 0 0 0 1 0 1 0 1 0 0 0 3 0 0 0 0 0 9 9 9 9 0 0 0 0 9 8 9 8 0 0 0 9 9 9 9 0 0 9 8 9 8 0 9 9 9 9 9 8 9 8 27 27 0 0 24 27
