27 26
1 1 1 1 1 1 1 1 1 18 18 18 18 18 18 18 18 18 18 18 18 18 18 18 18 18 18
0 0 0 0 0 0 0 0 0 0 0 0 0 0 0 0 153 0 0 153 0 0 0 0 0 0
1 0 0 0 0 0 0 1 0 0 0 0 0 0 0 0 0 0 0 0 0 0 0 0 0 0 1 0 0 0 0 0 0 0 0 0 0 0 0 0 0 0 0 0 0 0 0 0 0 0 0 1 0 0 0 0 0 0 0 0 0 0 0 0 0 0 0 0 0 0 0 0 0 0 0 1 0 0 0 0 0 0 0 0 0 0 0 0 0 0 0 0 0 0 0 0 0 0 1 0 0 0 0 0 0 0 0 0 0 0 0 0 0 0 0 0 0 0 0 0 1 0 0 0 0 0 0 0 0 0 0 0 0 0 0 0 0 0 0 0 0 1 0 0 0 0 0 0 0 0 0 0 0 0 0 0 0 0 0 0 0 1 0 0 0 0 0 0 0 0 0 0 0 0 0 0 0 0 0 0 0 0 0 0 0 0 0 0 0 0 0 0 0 0 0 0 0 0 0 0 0 0 0 0 0 18 18 0 0 0 0 0 0 0 0 0 0 0 0 0 0 0 0 0 0 18 0 0 18 0 0 18 0 0 0 0 0 18 0 0 0 0 0 0 0 0 0 0 0 0 0 0 0 0 0 0 0 0 18 0 18 0 0 0 0 18 0 0 0 0 0 0 0 0 0 0 0 0 0 0 0 0 0 0 18 0 0 0 0 0 0 18 18 0 0 0 0 0 0 18 0 0 0 0 0 18 0 0 0 0 18 0 0 0 0 0 0 0 0 0 0 0 0 0 0 0 0 18 0 0 18 0 0 0 0 0 0 0 0 0 0 0 0 0 0 0 18 0 0 0 0
0 1 0 0 0 0 1 0 0 0 0 0 0 0 0 0 0 0 0 0 0 0 0 0 0 0 0 1 0 0 0 0 1 0 0 0 0 0 0 0 0 0 0 0 0 0 0 0 0 0 0 0 1 0 0 0 0 0 0 0 0 0 0 0 0 0 0 0 0 0 0 0 0 0 0 0 1 0 0 0 0 0 0 0 0 0 0 0 0 0 0 0 0 0 0 0 0 0 0 1 0 0 0 0 0 0 0 0 0 0 0 0 0 0 0 0 0 0 0 0 0 1 0 0 0 0 0 0 0 0 0 0 0 0 0 0 0 0 0 0 0 0 1 0 0 0 0 0 0 0 0 0 0 0 0 0 0 0 0 0 0 0 0 0 0 0 0 0 0 0 0 0 0 0 0 0 0 0 0 0 0 0 0 0 0 0 0 0 0 0 0 0 0 0 0 0 0 0 0 18 0 0 0 0 0 0 0 0 0 0 18 0 0 0 0 0 0 0 0 0 0 0 0 18 18 0 0 0 0 0 0 0 0 0 0 0 0 0 0 0 0 0 0 0 18 0 0 0 0 0 0 18 0 0 0 0 18 0 0 0 0 0 0 0 0 0 0 0 0 0 18 0 18 0 18 0 0 18 0 0 0 0 0 0 0 0 18 0 0 0 0 0 0 0 18 0 0 0 0 0 18 0 0 0 0 0 18 0 0 0 0 0 0 0 0 0 0 0 0 0 0 0 0 0 0 0 0 0 0 0 0 0 0 0 0 18 0 0 18 0 0 18 0 0 0 0 0 0 0 0 0
0 0 1 0 0 1 0 0 0 0 0 0 0 0 0 0 0 0 0 0 0 0 0 0 0 0 0 0 1 0 0 1 0 0 0 0 0 0 0 0 0 0 0 0 0 0 0 0 0 0 0 0 0 1 0 0 1 0 0 0 0 0 0 0 0 0 0 0 0 0 0 0 0 0 0 0 0 1 0 0 0 0 0 0 0 0 0 0 0 0 0 0 0 0 0 0 0 0 0 0 1 0 0 0 0 0 0 0 0 0 0 0 0 0 0 0 0 0 0 0 0 0 1 0 0 0 0 0 0 0 0 0 0 0 0 0 0 0 0 0 0 0 0 0 0 0 0 0 0 0 0 0 0 0 0 0 0 0 0 0 0 0 0 0 0 0 0 0 0 0 0 0 0 0 0 0 0 0 0 0 0 0 0 0 0 0 0 0 0 0 0 0 0 0 0 0 0 0 0 0 18 0 0 18 0 0 0 0 0 0 0 0 0 0 0 0 0 18 0 0 18 0 0 0 0 0 0 0 0 0 0 0 0 0 0 0 18 0 0 0 0 0 18 0 0 0 0 0 18 0 0 0 0 0 0 0 0 0 0 0 0 0 18 0 0 0 0 0 0 0 0 0 0 0 0 0 0 0 18 0 0 0 18 0 0 0 0 0 0 0 0 0 0 0 0 0 0 0 0 0 0 0 0 0 0 0 0 0 0 0 0 18 0 0 0 0 0 0 18 0 0 18 0 0 18 0 0 0 0 18 0 0 0 18 0 0 0 0 0 0 18 0 0 18 0 0 0 0 0 0 0
0 0 0 1 1 0 0 0 0 0 0 0 0 0 0 0 0 0 0 0 0 0 0 0 0 0 0 0 0 1 1 0 0 0 0 0 0 0 0 0 0 0 0 0 0 0 0 0 0 0 0 0 0 0 1 1 0 0 0 0 0 0 0 0 0 0 0 0 0 0 0 0 0 0 0 0 0 0 1 1 0 0 0 0 0 0 0 0 0 0 0 0 0 0 0 0 0 0 0 0 0 1 0 0 0 0 0 0 0 0 0 0 0 0 0 0 0 0 0 0 0 0 0 0 0 0 0 0 0 0 0 0 0 0 0 0 0 0 0 0 0 0 0 0 0 0 0 0 0 0 0 0 0 0 0 0 0 0 0 0 0 0 0 0 0 0 0 0 0 0 0 0 0 0 0 0 0 0 0 0 0 0 0 0 0 0 0 0 0 0 0 0 0 0 0 0 0 0 0 0 0 0 0 0 0 0 0 0 0 0 0 18 0 18 0 0 0 0 18 0 0 0 0 0 0 0 0 0 0 0 18 0 0 0 18 0 0 0 0 0 0 18 0 0 0 0 0 0 0 0 18 0 0 0 0 18 0 0 0 0 0 0 0 0 0 0 18 18 0 0 0 0 0 0 0 0 0 0 0 18 0 0 0 0 0 0 0 18 0 0 0 0 0 0 0 0 0 0 18 0 0 0 0 18 0 0 0 0 0 0 0 0 0 18 0 0 0 0 0 18 0 0 0 18 0 0 0 0 0 0 0 0 0 0 0 0 0 0 0 0 0 0 0 0 0 0 0 0 0 18 0
0 0 0 1 1 0 0 0 0 0 0 0 0 0 0 0 0 0 0 0 0 0 0 0 0 0 0 0 0 1 1 0 0 0 0 0 0 0 0 0 0 0 0 0 0 0 0 0 0 0 0 0 0 0 1 1 0 0 0 0 0 0 0 0 0 0 0 0 0 0 0 0 0 0 0 0 0 0 1 1 0 0 0 0 0 0 0 0 0 0 0 0 0 0 0 0 0 0 0 0 0 1 0 0 0 0 0 0 0 0 0 0 0 0 0 0 0 0 0 0 0 0 0 0 0 0 0 0 0 0 0 0 0 0 0 0 0 0 0 0 0 0 0 0 0 0 0 0 0 0 0 0 0 0 0 0 0 0 0 0 0 0 0 0 0 0 0 0 0 0 0 0 0 0 0 0 0 0 0 0 0 0 0 0 0 0 0 0 0 0 0 0 0 0 0 0 0 0 0 0 0 0 0 0 0 0 0 0 0 0 0 18 0 18 0 0 0 0 18 0 0 0 0 0 0 0 0 0 0 0 18 0 0 0 18 0 0 0 0 0 0 18 0 0 0 0 0 0 0 0 18 0 0 0 0 18 0 0 0 0 0 0 0 0 0 0 18 18 0 0 0 0 0 0 0 0 0 0 0 18 0 0 0 0 0 0 0 18 0 0 0 0 0 0 0 0 0 0 18 0 0 0 0 18 0 0 0 0 0 0 0 0 0 18 0 0 0 0 0 18 0 0 0 18 0 0 0 0 0 0 0 0 0 0 0 0 0 0 0 0 0 0 0 0 0 0 0 0 0 18 0
0 0 1 0 0 1 0 0 0 0 0 0 0 0 0 0 0 0 0 0 0 0 0 0 0 0 0 0 1 0 0 1 0 0 0 0 0 0 0 0 0 0 0 0 0 0 0 0 0 0 0 0 0 1 0 0 1 0 0 0 0 0 0 0 0 0 0 0 0 0 0 0 0 0 0 0 0 1 0 0 0 0 0 0 0 0 0 0 0 0 0 0 0 0 0 0 0 0 0 0 1 0 0 0 0 0 0 0 0 0 0 0 0 0 0 0 0 0 0 0 0 0 1 0 0 0 0 0 0 0 0 0 0 0 0 0 0 0 0 0 0 0 0 0 0 0 0 0 0 0 0 0 0 0 0 0 0 0 0 0 0 0 0 0 0 0 0 0 0 0 0 0 0 0 0 0 0 0 0 0 0 0 0 0 0 0 0 0 0 0 0 0 0 0 0 0 0 0 0 0 18 0 0 18 0 0 0 0 0 0 0 0 0 0 0 0 0 18 0 0 18 0 0 0 0 0 0 0 0 0 0 0 0 0 0 0 18 0 0 0 0 0 18 0 0 0 0 0 18 0 0 0 0 0 0 0 0 0 0 0 0 0 18 0 0 0 0 0 0 0 0 0 0 0 0 0 0 0 18 0 0 0 18 0 0 0 0 0 0 0 0 0 0 0 0 0 0 0 0 0 0 0 0 0 0 0 0 0 0 0 0 18 0 0 0 0 0 0 18 0 0 18 0 0 18 0 0 0 0 18 0 0 0 18 0 0 0 0 0 0 18 0 0 18 0 0 0 0 0 0 0
0 1 0 0 0 0 1 0 0 0 0 0 0 0 0 0 0 0 0 0 0 0 0 0 0 0 0 1 0 0 0 0 1 0 0 0 0 0 0 0 0 0 0 0 0 0 0 0 0 0 0 0 1 0 0 0 0 0 0 0 0 0 0 0 0 0 0 0 0 0 0 0 0 0 0 0 1 0 0 0 0 0 0 0 0 0 0 0 0 0 0 0 0 0 0 0 0 0 0 1 0 0 0 0 0 0 0 0 0 0 0 0 0 0 0 0 0 0 0 0 0 1 0 0 0 0 0 0 0 0 0 0 0 0 0 0 0 0 0 0 0 0 1 0 0 0 0 0 0 0 0 0 0 0 0 0 0 0 0 0 0 0 0 0 0 0 0 0 0 0 0 0 0 0 0 0 0 0 0 0 0 0 0 0 0 0 0 0 0 0 0 0 0 0 0 0 0 0 0 18 0 0 0 0 0 0 0 0 0 0 18 0 0 0 0 0 0 0 0 0 0 0 0 18 18 0 0 0 0 0 0 0 0 0 0 0 0 0 0 0 0 0 0 0 18 0 0 0 0 0 0 18 0 0 0 0 18 0 0 0 0 0 0 0 0 0 0 0 0 0 18 0 18 0 18 0 0 18 0 0 0 0 0 0 0 0 18 0 0 0 0 0 0 0 18 0 0 0 0 0 18 0 0 0 0 0 18 0 0 0 0 0 0 0 0 0 0 0 0 0 0 0 0 0 0 0 0 0 0 0 0 0 0 0 0 18 0 0 18 0 0 18 0 0 0 0 0 0 0 0 0
1 0 0 0 0 0 0 1 0 0 0 0 0 0 0 0 0 0 0 0 0 0 0 0 0 0 1 0 0 0 0 0 0 0 0 0 0 0 0 0 0 0 0 0 0 0 0 0 0 0 0 1 0 0 0 0 0 0 0 0 0 0 0 0 0 0 0 0 0 0 0 0 0 0 0 1 0 0 0 0 0 0 0 0 0 0 0 0 0 0 0 0 0 0 0 0 0 0 1 0 0 0 0 0 0 0 0 0 0 0 0 0 0 0 0 0 0 0 0 0 1 0 0 0 0 0 0 0 0 0 0 0 0 0 0 0 0 0 0 0 0 1 0 0 0 0 0 0 0 0 0 0 0 0 0 0 0 0 0 0 0 1 0 0 0 0 0 0 0 0 0 0 0 0 0 0 0 0 0 0 0 0 0 0 0 0 0 0 0 0 0 0 0 0 0 0 0 0 0 0 0 0 0 0 0 18 18 0 0 0 0 0 0 0 0 0 0 0 0 0 0 0 0 0 0 18 0 0 18 0 0 18 0 0 0 0 0 18 0 0 0 0 0 0 0 0 0 0 0 0 0 0 0 0 0 0 0 0 18 0 18 0 0 0 0 18 0 0 0 0 0 0 0 0 0 0 0 0 0 0 0 0 0 0 18 0 0 0 0 0 0 18 18 0 0 0 0 0 0 18 0 0 0 0 0 18 0 0 0 0 18 0 0 0 0 0 0 0 0 0 0 0 0 0 0 0 0 18 0 0 18 0 0 0 0 0 0 0 0 0 0 0 0 0 0 0 18 0 0 0 0
0 0 0 0 0 0 0 0 1 0 0 0 0 0 0 0 0 0 0 0 0 1 0 0 0 0 0 0 0 0 0 0 0 0 0 0 0 0 0 0 0 1 1 0 0 0 0 0 0 0 0 0 0 0 0 0 0 1 0 1 0 0 0 0 0 0 0 0 0 0 0 0 0 0 0 0 0 0 0 0 0 0 0 1 0 0 0 0 0 1 0 0 0 0 0 0 0 0 0 0 0 0 0 0 1 0 0 0 0 0 0 0 0 0 0 0 0 0 1 0 0 0 0 0 0 0 1 0 0 0 0 0 0 0 0 0 0 1 0 0 0 0 0 0 0 0 0 0 0 1 0 0 0 0 0 0 0 0 0 1 0 0 0 0 0 0 0 0 0 0 0 0 0 0 0 1 1 0 0 0 0 0 0 0 0 0 1 0 1 0 0 0 0 0 0 0 0 0 9 0 0 0 0 0 0 8 8 0 9 0 0 0 0 0 0 9 0 0 0 0 0 0 0 0 0 9 0 0 9 0 0 8 0 0 0 0 0 8 9 0 0 0 0 0 0 0 9 0 0 0 0 0 0 0 0 0 0 9 8 0 9 0 0 0 0 9 0 0 0 9 0 0 0 9 0 0 0 0 0 0 0 0 0 9 9 9 0 0 0 0 0 8 8 0 0 0 9 0 0 9 0 0 0 0 0 9 0 0 0 9 8 0 0 0 0 0 0 9 0 0 9 0 0 0 0 0 0 9 9 0 9 9 0 0 0 0 0 0 0 0 0 0 0 0 9 0 8 9 0 0 0
0 0 0 0 0 0 0 0 0 1 0 0 0 0 0 0 0 0 0 0 0 0 0 0 0 1 0 0 0 0 0 0 0 0 0 0 0 0 0 0 1 0 0 0 0 0 0 0 1 0 0 0 0 0 0 0 0 0 0 0 0 0 0 0 0 0 0 1 1 0 0 0 0 0 0 0 0 0 0 0 0 0 0 0 1 0 0 0 0 0 0 0 1 0 0 0 0 0 0 0 0 0 0 1 0 0 0 1 0 0 0 0 0 0 0 0 0 0 0 0 0 0 0 0 0 0 0 0 0 0 0 0 0 0 0 0 0 0 1 0 1 0 0 0 0 0 0 0 0 0 1 0 0 1 0 0 0 0 0 0 0 0 0 0 0 0 1 0 0 0 0 0 0 1 0 0 0 0 0 0 0 0 0 0 0 1 0 0 0 0 0 0 1 0 0 0 0 0 0 9 0 0 0 0 9 0 0 0 0 0 9 0 9 0 0 0 9 0 0 0 0 9 0 8 8 0 0 0 0 0 0 0 9 0 0 0 0 0 0 0 9 0 0 0 9 0 0 9 0 0 0 9 0 0 0 0 9 0 0 0 0 9 0 0 0 0 0 0 0 0 8 0 8 0 8 0 0 8 0 0 9 0 0 0 0 0 9 0 0 9 0 0 0 0 9 0 0 0 0 0 8 0 9 0 0 0 9 0 0 0 0 0 0 0 9 9 9 0 0 0 0 0 0 0 0 0 9 0 0 0 0 0 0 0 0 8 9 0 8 0 0 9 0 0 0 0 0 0 9 0 9
0 0 0 0 0 0 0 0 0 0 1 0 0 0 0 0 0 0 0 0 0 0 1 0 0 0 0 0 0 0 0 0 0 0 0 0 1 0 0 1 0 0 0 0 0 0 0 0 0 0 0 0 0 0 0 0 0 0 0 0 0 0 0 0 0 0 0 0 0 0 1 0 0 1 0 0 0 0 0 0 0 0 0 0 0 0 0 0 1 0 0 0 0 0 1 0 0 0 0 0 0 0 1 0 0 0 0 0 1 0 0 0 0 0 0 0 0 0 0 0 0 0 0 0 0 0 0 0 0 0 0 0 1 0 0 0 1 0 0 0 0 0 0 0 0 1 0 0 0 0 0 1 0 0 0 0 0 0 0 0 0 0 1 0 0 1 0 0 0 0 0 0 0 0 0 0 0 0 0 0 0 0 0 0 0 0 0 0 0 1 0 0 0 0 0 0 1 0 0 0 8 0 0 8 0 0 0 9 0 0 0 0 0 0 9 0 0 9 0 0 9 0 0 0 0 0 9 0 0 9 0 0 0 9 0 0 8 0 0 9 0 0 8 0 0 0 0 0 8 0 0 0 0 0 9 0 0 0 0 9 0 0 9 0 9 0 0 0 9 0 0 0 0 0 0 9 0 0 9 0 0 0 9 0 0 0 0 0 9 0 9 0 0 0 0 0 0 9 0 0 0 0 0 0 9 0 0 0 0 0 0 8 9 0 0 0 0 0 8 0 0 8 0 0 9 0 0 0 0 9 0 0 9 9 0 0 0 0 0 0 9 0 0 8 0 9 0 0 0 0 0
0 0 0 0 0 0 0 0 0 0 0 1 0 0 0 0 0 0 0 0 0 0 0 0 1 0 0 0 0 0 0 0 0 0 0 0 0 0 0 0 0 0 0 0 0 0 0 1 0 1 0 0 0 0 0 0 0 0 0 0 0 0 0 1 0 0 0 0 0 0 0 1 0 0 0 0 0 0 0 0 0 0 0 0 0 0 1 0 0 0 0 0 0 1 0 0 0 0 0 0 0 0 0 0 0 0 0 0 0 0 1 0 0 0 0 1 0 0 0 0 0 0 0 1 0 0 0 0 0 0 0 1 0 0 0 0 0 0 0 0 0 0 0 1 0 0 0 0 0 0 0 0 1 0 0 0 0 0 0 0 0 0 0 0 1 0 0 0 0 0 0 1 0 0 0 0 0 0 0 0 0 0 1 1 0 0 0 0 0 0 0 0 0 0 0 0 0 0 0 0 0 9 9 0 0 0 0 0 0 0 0 8 0 8 0 0 0 0 9 9 0 0 0 0 0 0 0 9 0 0 9 0 0 0 8 9 0 0 0 0 0 8 0 0 0 9 0 0 0 9 8 0 0 9 0 8 0 0 0 0 0 0 0 9 0 0 9 9 0 0 0 0 0 0 0 0 9 0 0 9 0 0 0 0 0 0 0 8 0 0 0 0 0 9 0 0 0 0 9 0 0 0 0 9 0 0 0 9 0 0 0 0 0 8 0 0 0 0 0 8 0 0 9 9 0 9 0 0 0 0 0 0 0 0 9 0 0 9 0 9 0 0 9 0 0 0 0 0 0 9 0
0 0 0 0 0 0 0 0 0 0 0 0 1 0 0 0 0 0 1 0 0 0 0 0 0 0 0 0 0 0 0 0 0 0 0 0 0 1 1 0 0 0 0 0 0 0 0 0 0 0 0 0 0 0 0 0 0 0 0 0 0 0 1 0 0 0 0 0 0 0 0 0 0 0 1 0 0 0 0 0 0 0 0 0 0 0 0 1 0 0 0 0 0 0 0 0 0 1 0 0 0 0 0 0 0 0 0 0 0 1 0 0 0 1 0 0 0 0 0 0 0 0 0 0 0 0 0 0 0 0 0 0 0 0 1 1 0 0 0 0 0 0 0 0 1 0 0 0 0 0 0 0 0 0 0 1 0 0 0 0 0 0 0 1 0 0 0 0 0 0 0 0 0 0 0 0 0 1 0 0 0 0 0 0 0 0 0 0 0 0 1 0 0 0 0 1 0 0 0 0 0 9 9 0 0 0 0 0 0 0 0 9 0 9 0 0 0 0 8 9 0 0 0 0 0 0 0 9 0 0 8 0 0 0 9 9 0 0 0 0 0 9 0 0 0 9 0 0 0 9 9 0 0 9 0 9 0 0 0 0 0 0 0 9 0 0 8 8 0 0 0 0 0 0 0 0 9 0 0 8 0 0 0 0 0 0 0 9 0 0 0 0 0 9 0 0 0 0 8 0 0 0 0 8 0 0 0 9 0 0 0 0 0 9 0 0 0 0 0 9 0 0 9 8 0 9 0 0 0 0 0 0 0 0 9 0 0 9 0 9 0 0 9 0 0 0 0 0 0 8 0
0 0 0 0 0 0 0 0 0 0 0 0 0 1 0 0 0 0 0 0 0 0 0 1 0 0 0 0 0 0 0 0 0 0 0 0 0 0 0 0 0 0 0 1 0 0 0 0 0 0 1 0 0 0 0 0 0 0 0 0 0 1 0 0 1 0 0 0 0 0 0 0 0 0 0 0 0 0 0 0 0 0 0 0 0 1 0 0 0 0 0 1 0 0 0 0 0 0 0 0 0 0 0 0 0 0 0 0 0 0 0 0 0 0 1 0 0 0 0 1 0 0 0 0 1 0 0 0 0 0 1 0 0 0 0 0 0 0 0 0 0 0 0 0 0 0 0 0 0 0 0 0 0 0 1 0 0 0 1 0 0 0 0 0 0 0 0 0 0 0 0 0 1 0 1 0 0 0 0 0 0 1 0 0 1 0 0 0 0 0 0 0 0 0 0 0 0 0 0 0 9 0 0 9 0 0 0 9 0 0 0 0 0 0 9 0 0 8 0 0 8 0 0 0 0 0 9 0 0 9 0 0 0 9 0 0 9 0 0 9 0 0 9 0 0 0 0 0 9 0 0 0 0 0 9 0 0 0 0 9 0 0 8 0 9 0 0 0 9 0 0 0 0 0 0 9 0 0 8 0 0 0 8 0 0 0 0 0 9 0 9 0 0 0 0 0 0 9 0 0 0 0 0 0 9 0 0 0 0 0 0 9 9 0 0 0 0 0 9 0 0 9 0 0 8 0 0 0 0 8 0 0 9 8 0 0 0 0 0 0 8 0 0 9 0 9 0 0 0 0 0
0 0 0 0 0 0 0 0 0 0 0 0 0 0 1 0 0 1 0 0 0 0 0 0 0 0 0 0 0 0 0 0 0 0 0 1 0 0 0 0 0 0 0 0 0 0 1 0 0 0 0 0 0 0 0 0 0 0 0 0 1 0 0 0 0 1 0 0 0 0 0 0 0 0 0 0 0 0 0 0 1 0 0 0 0 0 0 0 0 0 0 0 0 0 0 0 1 0 0 0 0 0 0 0 0 0 0 0 0 0 0 1 0 0 0 0 1 0 0 0 0 0 0 0 0 1 0 0 0 1 0 0 0 0 0 0 0 0 0 0 0 0 0 0 0 0 1 0 0 0 0 0 0 0 0 0 1 0 0 0 0 0 0 0 0 0 0 0 0 0 1 0 0 0 0 0 0 0 1 0 1 0 0 0 0 0 0 0 0 0 0 0 0 0 1 0 0 0 0 8 0 0 0 0 9 0 0 0 0 0 8 0 9 0 0 0 9 0 0 0 0 9 0 9 9 0 0 0 0 0 0 0 9 0 0 0 0 0 0 0 9 0 0 0 8 0 0 9 0 0 0 8 0 0 0 0 8 0 0 0 0 9 0 0 0 0 0 0 0 0 9 0 9 0 9 0 0 9 0 0 9 0 0 0 0 0 8 0 0 9 0 0 0 0 8 0 0 0 0 0 9 0 9 0 0 0 8 0 0 0 0 0 0 0 9 9 9 0 0 0 0 0 0 0 0 0 9 0 0 0 0 0 0 0 0 9 9 0 9 0 0 8 0 0 0 0 0 0 9 0 9
0 0 0 0 0 0 0 0 0 0 0 0 0 0 0 1 0 0 0 0 1 0 0 0 0 0 0 0 0 0 0 0 0 0 1 0 0 0 0 0 0 0 0 0 1 0 0 0 0 0 0 0 0 0 0 0 0 0 0 0 0 0 0 0 0 0 0 0 0 1 0 0 1 0 0 0 0 0 0 0 0 1 0 0 0 0 0 0 0 0 1 0 0 0 0 0 0 0 0 0 0 0 0 0 0 0 1 0 0 0 0 0 0 0 0 0 0 1 0 0 0 0 0 0 0 0 0 0 1 0 0 0 0 1 0 0 0 0 0 0 0 0 0 0 0 0 0 1 0 0 0 0 0 0 0 0 0 0 0 0 1 0 0 0 0 0 0 1 0 1 0 0 0 0 0 0 0 0 0 0 0 0 0 0 0 0 0 0 0 0 0 1 0 0 0 0 0 1 9 0 0 0 0 0 0 9 9 0 9 0 0 0 0 0 0 9 0 0 0 0 0 0 0 0 0 8 0 0 8 0 0 9 0 0 0 0 0 9 9 0 0 0 0 0 0 0 9 0 0 0 0 0 0 0 0 0 0 9 9 0 8 0 0 0 0 8 0 0 0 9 0 0 0 9 0 0 0 0 0 0 0 0 0 9 8 9 0 0 0 0 0 9 9 0 0 0 9 0 0 8 0 0 0 0 0 8 0 0 0 9 9 0 0 0 0 0 0 9 0 0 9 0 0 0 0 0 0 8 9 0 8 9 0 0 0 0 0 0 0 0 0 0 0 0 9 0 9 9 0 0 0
0 0 0 0 0 0 0 0 0 0 0 0 0 0 0 0 2 0 0 0 0 0 0 0 0 0 0 0 0 0 0 0 0 2 0 0 0 0 0 0 0 0 0 0 0 0 0 0 0 0 0 0 0 0 0 0 0 0 0 0 0 0 0 0 0 0 2 0 0 0 0 0 0 0 0 0 0 0 0 0 0 0 2 0 0 0 0 0 0 0 0 0 0 0 0 0 0 0 0 0 0 0 0 0 0 2 0 0 0 0 0 0 0 0 0 0 0 0 0 0 0 0 0 0 0 0 0 0 0 0 0 0 0 0 0 0 0 0 0 2 0 0 0 0 0 0 0 0 0 0 0 0 0 0 0 0 0 2 0 0 0 0 0 0 0 0 0 0 2 0 0 0 0 0 0 0 0 0 0 0 0 0 0 0 0 0 0 0 0 0 0 0 0 2 0 0 0 0 0 0 0 0 0 0 0 0 0 0 0 18 0 0 0 0 0 0 0 0 0 0 0 0 18 0 0 0 0 0 0 0 0 0 0 0 0 0 0 0 0 0 0 0 0 18 0 0 0 0 0 0 0 0 18 0 0 0 0 0 0 0 0 0 0 0 0 0 0 0 0 0 0 18 0 0 0 0 0 0 0 0 0 18 0 0 0 0 0 0 0 0 0 0 0 0 0 18 0 0 0 0 0 18 0 0 0 0 0 0 18 0 0 0 0 0 0 0 0 0 0 0 0 0 0 0 0 0 0 0 0 0 0 0 0 0 0 0 0 0 0 0 0 0 0 0 0 0 0 0 0 0 0
0 0 0 0 0 0 0 0 0 0 0 0 0 0 1 0 0 1 0 0 0 0 0 0 0 0 0 0 0 0 0 0 0 0 0 1 0 0 0 0 0 0 0 0 0 0 1 0 0 0 0 0 0 0 0 0 0 0 0 0 1 0 0 0 0 1 0 0 0 0 0 0 0 0 0 0 0 0 0 0 1 0 0 0 0 0 0 0 0 0 0 0 0 0 0 0 1 0 0 0 0 0 0 0 0 0 0 0 0 0 0 1 0 0 0 0 1 0 0 0 0 0 0 0 0 1 0 0 0 1 0 0 0 0 0 0 0 0 0 0 0 0 0 0 0 0 1 0 0 0 0 0 0 0 0 0 1 0 0 0 0 0 0 0 0 0 0 0 0 0 1 0 0 0 0 0 0 0 1 0 1 0 0 0 0 0 0 0 0 0 0 0 0 0 1 0 0 0 0 8 0 0 0 0 9 0 0 0 0 0 8 0 9 0 0 0 9 0 0 0 0 9 0 9 9 0 0 0 0 0 0 0 9 0 0 0 0 0 0 0 9 0 0 0 8 0 0 9 0 0 0 8 0 0 0 0 8 0 0 0 0 9 0 0 0 0 0 0 0 0 9 0 9 0 9 0 0 9 0 0 9 0 0 0 0 0 8 0 0 9 0 0 0 0 8 0 0 0 0 0 9 0 9 0 0 0 8 0 0 0 0 0 0 0 9 9 9 0 0 0 0 0 0 0 0 0 9 0 0 0 0 0 0 0 0 9 9 0 9 0 0 8 0 0 0 0 0 0 9 0 9
0 0 0 0 0 0 0 0 0 0 0 0 1 0 0 0 0 0 1 0 0 0 0 0 0 0 0 0 0 0 0 0 0 0 0 0 0 1 1 0 0 0 0 0 0 0 0 0 0 0 0 0 0 0 0 0 0 0 0 0 0 0 1 0 0 0 0 0 0 0 0 0 0 0 1 0 0 0 0 0 0 0 0 0 0 0 0 1 0 0 0 0 0 0 0 0 0 1 0 0 0 0 0 0 0 0 0 0 0 1 0 0 0 1 0 0 0 0 0 0 0 0 0 0 0 0 0 0 0 0 0 0 0 0 1 1 0 0 0 0 0 0 0 0 1 0 0 0 0 0 0 0 0 0 0 1 0 0 0 0 0 0 0 1 0 0 0 0 0 0 0 0 0 0 0 0 0 1 0 0 0 0 0 0 0 0 0 0 0 0 1 0 0 0 0 1 0 0 0 0 0 9 9 0 0 0 0 0 0 0 0 9 0 9 0 0 0 0 8 9 0 0 0 0 0 0 0 9 0 0 8 0 0 0 9 9 0 0 0 0 0 9 0 0 0 9 0 0 0 9 9 0 0 9 0 9 0 0 0 0 0 0 0 9 0 0 8 8 0 0 0 0 0 0 0 0 9 0 0 8 0 0 0 0 0 0 0 9 0 0 0 0 0 9 0 0 0 0 8 0 0 0 0 8 0 0 0 9 0 0 0 0 0 9 0 0 0 0 0 9 0 0 9 8 0 9 0 0 0 0 0 0 0 0 9 0 0 9 0 9 0 0 9 0 0 0 0 0 0 8 0
0 0 0 0 0 0 0 0 0 0 0 0 0 0 0 0 0 0 0 2 0 0 0 0 0 0 0 0 0 0 0 0 0 0 0 0 0 0 0 0 0 0 0 0 0 2 0 0 0 0 0 0 0 0 0 0 0 0 2 0 0 0 0 0 0 0 0 0 0 0 0 0 0 0 0 0 0 0 0 0 0 0 0 0 0 0 0 0 0 0 0 0 0 0 0 2 0 0 0 0 0 0 0 0 0 0 0 0 0 0 0 0 2 0 0 0 0 0 0 0 0 0 0 0 0 0 0 2 0 0 0 0 0 0 0 0 0 0 0 0 0 0 0 0 0 0 0 0 2 0 0 0 0 0 0 0 0 0 0 0 0 0 0 0 0 0 0 0 0 0 0 0 0 0 0 0 0 0 0 2 0 0 0 0 0 0 0 2 0 0 0 0 0 0 0 0 0 0 0 0 0 0 0 0 0 0 0 0 0 18 0 0 0 0 0 0 0 0 0 0 0 0 18 0 0 0 0 0 0 0 0 0 0 0 0 0 0 0 0 0 0 0 0 18 0 0 0 0 0 0 0 0 18 0 0 0 0 0 0 0 0 0 0 0 0 0 0 0 0 0 0 18 0 0 0 0 0 0 0 0 0 18 0 0 0 0 0 0 0 0 0 0 0 0 0 18 0 0 0 0 0 18 0 0 0 0 0 0 18 0 0 0 0 0 0 0 0 0 0 0 0 0 0 0 0 0 0 0 0 0 0 0 0 0 0 0 0 0 0 0 0 0 0 0 0 0 0 0 0 0 0
0 0 0 0 0 0 0 0 0 0 0 0 0 0 0 1 0 0 0 0 1 0 0 0 0 0 0 0 0 0 0 0 0 0 1 0 0 0 0 0 0 0 0 0 1 0 0 0 0 0 0 0 0 0 0 0 0 0 0 0 0 0 0 0 0 0 0 0 0 1 0 0 1 0 0 0 0 0 0 0 0 1 0 0 0 0 0 0 0 0 1 0 0 0 0 0 0 0 0 0 0 0 0 0 0 0 1 0 0 0 0 0 0 0 0 0 0 1 0 0 0 0 0 0 0 0 0 0 1 0 0 0 0 1 0 0 0 0 0 0 0 0 0 0 0 0 0 1 0 0 0 0 0 0 0 0 0 0 0 0 1 0 0 0 0 0 0 1 0 1 0 0 0 0 0 0 0 0 0 0 0 0 0 0 0 0 0 0 0 0 0 1 0 0 0 0 0 1 9 0 0 0 0 0 0 9 9 0 9 0 0 0 0 0 0 9 0 0 0 0 0 0 0 0 0 8 0 0 8 0 0 9 0 0 0 0 0 9 9 0 0 0 0 0 0 0 9 0 0 0 0 0 0 0 0 0 0 9 9 0 8 0 0 0 0 8 0 0 0 9 0 0 0 9 0 0 0 0 0 0 0 0 0 9 8 9 0 0 0 0 0 9 9 0 0 0 9 0 0 8 0 0 0 0 0 8 0 0 0 9 9 0 0 0 0 0 0 9 0 0 9 0 0 0 0 0 0 8 9 0 8 9 0 0 0 0 0 0 0 0 0 0 0 0 9 0 9 9 0 0 0
0 0 0 0 0 0 0 0 1 0 0 0 0 0 0 0 0 0 0 0 0 1 0 0 0 0 0 0 0 0 0 0 0 0 0 0 0 0 0 0 0 1 1 0 0 0 0 0 0 0 0 0 0 0 0 0 0 1 0 1 0 0 0 0 0 0 0 0 0 0 0 0 0 0 0 0 0 0 0 0 0 0 0 1 0 0 0 0 0 1 0 0 0 0 0 0 0 0 0 0 0 0 0 0 1 0 0 0 0 0 0 0 0 0 0 0 0 0 1 0 0 0 0 0 0 0 1 0 0 0 0 0 0 0 0 0 0 1 0 0 0 0 0 0 0 0 0 0 0 1 0 0 0 0 0 0 0 0 0 1 0 0 0 0 0 0 0 0 0 0 0 0 0 0 0 1 1 0 0 0 0 0 0 0 0 0 1 0 1 0 0 0 0 0 0 0 0 0 9 0 0 0 0 0 0 8 8 0 9 0 0 0 0 0 0 9 0 0 0 0 0 0 0 0 0 9 0 0 9 0 0 8 0 0 0 0 0 8 9 0 0 0 0 0 0 0 9 0 0 0 0 0 0 0 0 0 0 9 8 0 9 0 0 0 0 9 0 0 0 9 0 0 0 9 0 0 0 0 0 0 0 0 0 9 9 9 0 0 0 0 0 8 8 0 0 0 9 0 0 9 0 0 0 0 0 9 0 0 0 9 8 0 0 0 0 0 0 9 0 0 9 0 0 0 0 0 0 9 9 0 9 9 0 0 0 0 0 0 0 0 0 0 0 0 9 0 8 9 0 0 0
0 0 0 0 0 0 0 0 0 0 1 0 0 0 0 0 0 0 0 0 0 0 1 0 0 0 0 0 0 0 0 0 0 0 0 0 1 0 0 1 0 0 0 0 0 0 0 0 0 0 0 0 0 0 0 0 0 0 0 0 0 0 0 0 0 0 0 0 0 0 1 0 0 1 0 0 0 0 0 0 0 0 0 0 0 0 0 0 1 0 0 0 0 0 1 0 0 0 0 0 0 0 1 0 0 0 0 0 1 0 0 0 0 0 0 0 0 0 0 0 0 0 0 0 0 0 0 0 0 0 0 0 1 0 0 0 1 0 0 0 0 0 0 0 0 1 0 0 0 0 0 1 0 0 0 0 0 0 0 0 0 0 1 0 0 1 0 0 0 0 0 0 0 0 0 0 0 0 0 0 0 0 0 0 0 0 0 0 0 1 0 0 0 0 0 0 1 0 0 0 8 0 0 8 0 0 0 9 0 0 0 0 0 0 9 0 0 9 0 0 9 0 0 0 0 0 9 0 0 9 0 0 0 9 0 0 8 0 0 9 0 0 8 0 0 0 0 0 8 0 0 0 0 0 9 0 0 0 0 9 0 0 9 0 9 0 0 0 9 0 0 0 0 0 0 9 0 0 9 0 0 0 9 0 0 0 0 0 9 0 9 0 0 0 0 0 0 9 0 0 0 0 0 0 9 0 0 0 0 0 0 8 9 0 0 0 0 0 8 0 0 8 0 0 9 0 0 0 0 9 0 0 9 9 0 0 0 0 0 0 9 0 0 8 0 9 0 0 0 0 0
0 0 0 0 0 0 0 0 0 0 0 0 0 1 0 0 0 0 0 0 0 0 0 1 0 0 0 0 0 0 0 0 0 0 0 0 0 0 0 0 0 0 0 1 0 0 0 0 0 0 1 0 0 0 0 0 0 0 0 0 0 1 0 0 1 0 0 0 0 0 0 0 0 0 0 0 0 0 0 0 0 0 0 0 0 1 0 0 0 0 0 1 0 0 0 0 0 0 0 0 0 0 0 0 0 0 0 0 0 0 0 0 0 0 1 0 0 0 0 1 0 0 0 0 1 0 0 0 0 0 1 0 0 0 0 0 0 0 0 0 0 0 0 0 0 0 0 0 0 0 0 0 0 0 1 0 0 0 1 0 0 0 0 0 0 0 0 0 0 0 0 0 1 0 1 0 0 0 0 0 0 1 0 0 1 0 0 0 0 0 0 0 0 0 0 0 0 0 0 0 9 0 0 9 0 0 0 9 0 0 0 0 0 0 9 0 0 8 0 0 8 0 0 0 0 0 9 0 0 9 0 0 0 9 0 0 9 0 0 9 0 0 9 0 0 0 0 0 9 0 0 0 0 0 9 0 0 0 0 9 0 0 8 0 9 0 0 0 9 0 0 0 0 0 0 9 0 0 8 0 0 0 8 0 0 0 0 0 9 0 9 0 0 0 0 0 0 9 0 0 0 0 0 0 9 0 0 0 0 0 0 9 9 0 0 0 0 0 9 0 0 9 0 0 8 0 0 0 0 8 0 0 9 8 0 0 0 0 0 0 8 0 0 9 0 9 0 0 0 0 0
0 0 0 0 0 0 0 0 0 0 0 1 0 0 0 0 0 0 0 0 0 0 0 0 1 0 0 0 0 0 0 0 0 0 0 0 0 0 0 0 0 0 0 0 0 0 0 1 0 1 0 0 0 0 0 0 0 0 0 0 0 0 0 1 0 0 0 0 0 0 0 1 0 0 0 0 0 0 0 0 0 0 0 0 0 0 1 0 0 0 0 0 0 1 0 0 0 0 0 0 0 0 0 0 0 0 0 0 0 0 1 0 0 0 0 1 0 0 0 0 0 0 0 1 0 0 0 0 0 0 0 1 0 0 0 0 0 0 0 0 0 0 0 1 0 0 0 0 0 0 0 0 1 0 0 0 0 0 0 0 0 0 0 0 1 0 0 0 0 0 0 1 0 0 0 0 0 0 0 0 0 0 1 1 0 0 0 0 0 0 0 0 0 0 0 0 0 0 0 0 0 9 9 0 0 0 0 0 0 0 0 8 0 8 0 0 0 0 9 9 0 0 0 0 0 0 0 9 0 0 9 0 0 0 8 9 0 0 0 0 0 8 0 0 0 9 0 0 0 9 8 0 0 9 0 8 0 0 0 0 0 0 0 9 0 0 9 9 0 0 0 0 0 0 0 0 9 0 0 9 0 0 0 0 0 0 0 8 0 0 0 0 0 9 0 0 0 0 9 0 0 0 0 9 0 0 0 9 0 0 0 0 0 8 0 0 0 0 0 8 0 0 9 9 0 9 0 0 0 0 0 0 0 0 9 0 0 9 0 9 0 0 9 0 0 0 0 0 0 9 0
0 0 0 0 0 0 0 0 0 1 0 0 0 0 0 0 0 0 0 0 0 0 0 0 0 1 0 0 0 0 0 0 0 0 0 0 0 0 0 0 1 0 0 0 0 0 0 0 1 0 0 0 0 0 0 0 0 0 0 0 0 0 0 0 0 0 0 1 1 0 0 0 0 0 0 0 0 0 0 0 0 0 0 0 1 0 0 0 0 0 0 0 1 0 0 0 0 0 0 0 0 0 0 1 0 0 0 1 0 0 0 0 0 0 0 0 0 0 0 0 0 0 0 0 0 0 0 0 0 0 0 0 0 0 0 0 0 0 1 0 1 0 0 0 0 0 0 0 0 0 1 0 0 1 0 0 0 0 0 0 0 0 0 0 0 0 1 0 0 0 0 0 0 1 0 0 0 0 0 0 0 0 0 0 0 1 0 0 0 0 0 0 1 0 0 0 0 0 0 9 0 0 0 0 9 0 0 0 0 0 9 0 9 0 0 0 9 0 0 0 0 9 0 8 8 0 0 0 0 0 0 0 9 0 0 0 0 0 0 0 9 0 0 0 9 0 0 9 0 0 0 9 0 0 0 0 9 0 0 0 0 9 0 0 0 0 0 0 0 0 8 0 8 0 8 0 0 8 0 0 9 0 0 0 0 0 9 0 0 9 0 0 0 0 9 0 0 0 0 0 8 0 9 0 0 0 9 0 0 0 0 0 0 0 9 9 9 0 0 0 0 0 0 0 0 0 9 0 0 0 0 0 0 0 0 8 9 0 8 0 0 9 0 0 0 0 0 0 9 0 9
