25 24
1 1 1 3 3 9 9 9 9 9 9 9 9 9 9 9 9 27 27 27 27 27 27 27 27
222 222 0 0 48 48 72 48 48 72 72 48 48 72 48 48 0 0 0 0 0 0 0 0
1 1 0 0 0 0 0 0 0 0 0 0 0 0 0 0 0 0 0 0 0 0 0 0 1 0 0 0 0 0 0 0 0 0 0 0 0 0 0 0 0 0 0 0 0 0 0 0 0 0 0 0 0 0 0 0 0 0 0 0 0 0 0 0 0 0 0 0 0 0 0 0 0 0 0 0 0 0 0 0 0 0 0 0 0 0 0 0 0 0 0 0 0 0 0 0 0 0 0 0 0 0 0 0 0 0 0 0 0 0 0 0 0 0 0 9 0 0 0 9 0 0 0 0 0 0 0 0 0 0 0 0 0 0 0 0 9 0 9 0 0 0 0 0 0 0 0 9 0 0 0 9 0 0 0 0 0 0 0 0 0 0 0 0 0 0 0 9 0 0 0 0 0 0 0 0 0 0 0 0 9 0 0 9 0 0 0 0 0 0 0 0 0 0 0 0 0 9 0 0 0 0 0 0 0 0 0 0 0 0 0 0 9 0 0 0 0 0 0 0 0 0 0 0 0 0 0 0 0 0 0 0 0 0 0 0 0 0 0 0 0 0 0 0 0 0 9 0 0 0 0 0 0 0 0 0 0 0 0 0 0 0 0 0 0 0 0 0 0 0 0 0 0 0 0 0 0 0 0 0 0 0 0 0 0 0 0 0 0 0 0 0 0 0 0 0 0 0 0 0
1 1 0 0 0 0 0 0 0 0 0 0 0 0 0 0 0 0 0 0 0 0 0 0 1 0 0 0 0 0 0 0 0 0 0 0 0 0 0 0 0 0 0 0 0 0 0 0 0 0 0 0 0 0 0 0 0 0 0 0 0 0 0 0 0 0 0 0 0 0 0 0 0 0 0 0 0 0 0 0 0 0 0 0 0 0 0 0 0 0 0 0 0 0 0 0 0 0 0 0 0 0 0 0 0 0 0 0 0 0 0 0 0 0 0 9 0 0 0 9 0 0 0 0 0 0 0 0 0 0 0 0 0 0 0 0 9 0 9 0 0 0 0 0 0 0 0 9 0 0 0 9 0 0 0 0 0 0 0 0 0 0 0 0 0 0 0 9 0 0 0 0 0 0 0 0 0 0 0 0 9 0 0 9 0 0 0 0 0 0 0 0 0 0 0 0 0 9 0 0 0 0 0 0 0 0 0 0 0 0 0 0 9 0 0 0 0 0 0 0 0 0 0 0 0 0 0 0 0 0 0 0 0 0 0 0 0 0 0 0 0 0 0 0 0 0 9 0 0 0 0 0 0 0 0 0 0 0 0 0 0 0 0 0 0 0 0 0 0 0 0 0 0 0 0 0 0 0 0 0 0 0 0 0 0 0 0 0 0 0 0 0 0 0 0 0 0 0 0 0
0 0 1 1 0 0 0 0 0 0 0 0 0 0 0 0 0 0 0 0 0 0 0 0 0 1 1 0 0 0 0 0 0 0 0 0 0 0 0 0 0 0 0 0 0 0 0 1 1 0 0 0 0 0 0 0 0 0 0 0 0 0 0 0 0 0 0 0 0 3 0 0 0 0 0 0 0 0 0 0 0 0 0 0 0 0 0 0 0 0 0 0 0 0 0 0 0 0 0 0 0 0 0 0 0 0 0 0 0 0 0 0 0 0 0 0 0 0 0 0 0 0 0 9 0 9 0 0 0 0 0 0 0 0 0 0 0 0 0 0 0 0 9 0 9 0 0 0 0 0 0 0 0 0 0 0 9 0 0 0 0 0 9 0 0 0 0 0 0 0 0 0 9 0 0 0 0 0 9 0 0 0 0 0 0 0 0 0 9 0 0 0 0 0 9 0 0 0 0 0 0 0 9 0 0 0 0 0 9 0 0 0 0 0 0 0 9 0 9 0 0 0 0 0 0 0 9 0 0 0 0 0 9 0 0 0 0 0 9 0 0 0 0 0 9 0 0 0 0 0 9 0 9 0 0 0 0 0 9 0 9 0 0 0 0 0 0 9 0 9 0 0 0 0 0 0 0 27 0 0 0 0 0 0 27 0 27 0 0 0 0 27 0 0 0 0 0 0 0 0
0 0 1 1 0 0 0 0 0 0 0 0 0 0 0 0 0 0 0 0 0 0 0 0 0 1 1 0 0 0 0 0 0 0 0 0 0 0 0 0 0 0 0 0 0 0 0 1 1 0 0 0 0 0 0 0 0 0 0 0 0 0 0 0 0 0 0 0 0 3 0 0 0 0 0 0 0 0 0 0 0 0 0 0 0 0 0 0 0 0 0 0 0 0 0 0 0 0 0 0 0 0 0 0 0 0 0 0 0 0 0 0 0 0 0 0 0 0 0 0 0 0 0 9 0 9 0 0 0 0 0 0 0 0 0 0 0 0 0 0 0 0 9 0 9 0 0 0 0 0 0 0 0 0 0 0 9 0 0 0 0 0 9 0 0 0 0 0 0 0 0 0 9 0 0 0 0 0 9 0 0 0 0 0 0 0 0 0 9 0 0 0 0 0 9 0 0 0 0 0 0 0 9 0 0 0 0 0 9 0 0 0 0 0 0 0 9 0 9 0 0 0 0 0 0 0 9 0 0 0 0 0 9 0 0 0 0 0 9 0 0 0 0 0 9 0 0 0 0 0 9 0 9 0 0 0 0 0 9 0 9 0 0 0 0 0 0 9 0 9 0 0 0 0 0 0 0 27 0 0 0 0 0 0 27 0 27 0 0 0 0 27 0 0 0 0 0 0 0 0
0 0 0 0 1 0 0 0 0 0 0 1 0 0 0 0 0 0 0 0 0 0 0 0 0 0 0 0 0 1 0 0 0 0 0 0 0 1 0 0 0 0 0 0 0 0 0 0 0 0 0 0 1 0 0 1 0 0 0 0 0 0 0 0 0 0 0 0 0 0 0 0 0 0 0 0 0 0 0 0 0 0 3 0 3 0 0 0 0 0 0 0 0 0 0 0 0 0 0 0 0 0 0 0 0 0 3 0 3 0 1 2 0 4 2 2 2 0 2 2 0 0 0 0 0 0 0 0 0 4 2 0 1 2 0 4 2 0 2 0 0 0 0 0 0 0 0 2 1 0 0 2 2 0 2 2 0 0 0 0 0 0 0 0 2 1 2 2 0 4 2 0 0 0 0 0 0 0 0 0 2 2 0 2 4 0 1 0 0 0 0 0 0 0 0 0 2 2 0 4 4 0 0 0 0 0 0 0 0 2 4 0 2 1 0 0 0 0 0 0 0 0 1 2 0 4 0 0 0 0 0 0 0 0 1 2 0 0 0 0 0 0 0 0 0 1 2 0 0 0 0 0 0 0 0 2 0 0 0 0 0 0 0 0 0 0 0 0 0 0 0 0 0 12 0 0 18 0 9 0 15 18 0 9 0 0 0 9 0 18 9 0 18 0 0 12 0 0 15 0
0 0 0 0 0 1 0 0 0 0 0 0 1 0 0 0 0 0 0 0 0 0 0 0 0 0 0 0 0 0 0 1 0 0 0 0 1 0 0 0 0 0 0 0 0 0 0 0 0 0 0 0 0 0 1 0 0 0 0 0 1 0 0 0 0 0 0 0 0 0 0 0 0 0 0 0 0 0 0 0 0 0 0 0 0 0 0 3 0 3 0 0 0 0 0 0 0 0 0 0 0 0 0 3 0 3 0 0 0 0 4 4 0 2 1 2 1 0 2 2 0 0 0 0 0 0 0 0 0 2 1 0 2 2 0 2 2 0 2 0 0 0 0 0 0 0 0 2 4 0 0 2 2 0 1 1 0 0 0 0 0 0 0 0 2 4 1 2 0 2 4 0 0 0 0 0 0 0 0 0 2 1 0 2 2 0 2 0 0 0 0 0 0 0 0 0 2 2 0 2 2 0 0 0 0 0 0 0 0 4 2 0 2 4 0 0 0 0 0 0 0 0 4 1 0 2 0 0 0 0 0 0 0 0 2 1 0 0 0 0 0 0 0 0 0 4 2 0 0 0 0 0 0 0 0 2 0 0 0 0 0 0 0 0 0 0 0 0 0 0 0 0 0 15 0 0 9 0 18 0 12 9 0 18 0 0 0 18 0 9 18 0 9 0 0 15 0 0 12 0
0 0 0 0 0 0 1 0 0 0 1 0 0 0 0 0 0 0 0 0 0 0 0 0 0 0 0 1 0 0 1 0 0 0 0 0 0 0 0 0 0 0 0 0 0 0 0 0 0 0 0 0 0 0 0 0 1 0 0 1 0 0 0 0 0 0 0 0 0 0 0 0 0 0 0 0 0 0 0 0 0 0 3 0 3 0 0 0 0 0 0 0 0 0 0 0 0 0 0 0 0 0 0 0 0 0 3 0 3 0 0 0 4 0 0 0 0 6 0 0 3 0 0 0 0 0 0 0 0 0 0 5 0 0 6 0 0 3 0 0 0 0 0 0 0 0 0 0 0 3 4 0 0 6 0 0 0 0 0 0 0 0 0 0 0 0 0 0 3 0 0 6 0 0 0 0 0 0 0 0 0 0 3 0 0 6 0 0 0 0 0 0 0 0 0 6 0 0 5 0 0 0 0 0 0 0 0 0 0 0 0 3 0 0 0 0 0 0 0 0 0 0 0 0 4 0 0 0 0 0 0 0 0 0 0 0 5 0 0 0 0 0 0 0 0 0 0 0 0 0 0 0 0 0 0 0 0 0 0 0 0 0 0 0 0 0 0 0 0 0 0 0 0 12 0 0 18 0 9 0 15 18 0 9 0 0 0 9 0 18 9 0 18 0 0 12 0 0 15 0
0 0 0 0 0 0 0 1 0 0 0 0 0 0 1 0 0 0 0 0 0 0 0 0 0 0 0 0 0 0 0 0 0 1 1 0 0 0 0 0 0 0 0 0 0 0 0 0 0 1 0 1 0 0 0 0 0 0 0 0 0 0 0 0 0 0 0 0 0 0 0 0 0 0 0 0 0 0 0 0 0 0 3 0 3 0 0 0 0 0 0 0 0 0 0 0 0 0 0 0 0 0 0 0 0 0 3 0 3 0 2 2 0 2 4 2 2 0 1 2 0 0 0 0 0 0 0 0 0 2 4 0 4 1 0 1 2 0 2 0 0 0 0 0 0 0 0 2 2 0 0 2 1 0 2 4 0 0 0 0 0 0 0 0 1 2 2 2 0 2 2 0 0 0 0 0 0 0 0 0 2 4 0 2 1 0 4 0 0 0 0 0 0 0 0 0 1 2 0 2 1 0 0 0 0 0 0 0 0 2 2 0 2 2 0 0 0 0 0 0 0 0 2 4 0 2 0 0 0 0 0 0 0 0 4 4 0 0 0 0 0 0 0 0 0 2 2 0 0 0 0 0 0 0 0 1 0 0 0 0 0 0 0 0 0 0 0 0 0 0 0 0 0 12 0 0 18 0 9 0 15 18 0 9 0 0 0 9 0 18 9 0 18 0 0 12 0 0 15 0
0 0 0 0 0 0 0 0 1 0 0 0 0 0 0 1 0 0 0 0 0 0 0 0 0 0 0 0 1 0 0 0 1 0 0 0 0 0 0 0 0 0 0 0 0 0 0 0 0 0 0 0 0 0 0 0 0 1 1 0 0 0 0 0 0 0 0 0 0 0 0 0 0 0 0 0 0 0 0 0 0 0 0 0 0 0 0 3 0 3 0 0 0 0 0 0 0 0 0 0 0 0 0 3 0 3 0 0 0 0 2 1 0 1 2 2 4 0 4 2 0 0 0 0 0 0 0 0 0 1 2 0 2 4 0 2 2 0 2 0 0 0 0 0 0 0 0 2 2 0 0 2 4 0 4 2 0 0 0 0 0 0 0 0 4 2 4 2 0 1 1 0 0 0 0 0 0 0 0 0 2 2 0 2 2 0 2 0 0 0 0 0 0 0 0 0 4 2 0 1 2 0 0 0 0 0 0 0 0 1 1 0 2 2 0 0 0 0 0 0 0 0 2 2 0 1 0 0 0 0 0 0 0 0 2 2 0 0 0 0 0 0 0 0 0 2 2 0 0 0 0 0 0 0 0 4 0 0 0 0 0 0 0 0 0 0 0 0 0 0 0 0 0 15 0 0 9 0 18 0 12 9 0 18 0 0 0 18 0 9 18 0 9 0 0 15 0 0 12 0
0 0 0 0 0 0 0 0 0 1 0 0 0 1 0 0 0 0 0 0 0 0 0 0 0 0 0 0 0 0 0 0 0 0 0 1 0 0 1 0 0 0 0 0 0 0 0 0 0 0 1 0 0 1 0 0 0 0 0 0 0 0 0 0 0 0 0 0 0 0 0 0 0 0 0 0 0 0 0 0 0 0 0 0 0 0 0 3 0 3 0 0 0 0 0 0 0 0 0 0 0 0 0 3 0 3 0 0 0 0 0 0 5 0 0 0 0 3 0 0 6 0 0 0 0 0 0 0 0 0 0 4 0 0 3 0 0 6 0 0 0 0 0 0 0 0 0 0 0 6 5 0 0 3 0 0 0 0 0 0 0 0 0 0 0 0 0 0 6 0 0 3 0 0 0 0 0 0 0 0 0 0 6 0 0 3 0 0 0 0 0 0 0 0 0 3 0 0 4 0 0 0 0 0 0 0 0 0 0 0 0 6 0 0 0 0 0 0 0 0 0 0 0 0 5 0 0 0 0 0 0 0 0 0 0 0 4 0 0 0 0 0 0 0 0 0 0 0 0 0 0 0 0 0 0 0 0 0 0 0 0 0 0 0 0 0 0 0 0 0 0 0 0 15 0 0 9 0 18 0 12 9 0 18 0 0 0 18 0 9 18 0 9 0 0 15 0 0 12 0
0 0 0 0 0 0 1 0 0 0 1 0 0 0 0 0 0 0 0 0 0 0 0 0 0 0 0 1 0 0 1 0 0 0 0 0 0 0 0 0 0 0 0 0 0 0 0 0 0 0 0 0 0 0 0 0 1 0 0 1 0 0 0 0 0 0 0 0 0 0 0 0 0 0 0 0 0 0 0 0 0 0 3 0 3 0 0 0 0 0 0 0 0 0 0 0 0 0 0 0 0 0 0 0 0 0 3 0 3 0 0 0 4 0 0 0 0 6 0 0 3 0 0 0 0 0 0 0 0 0 0 5 0 0 6 0 0 3 0 0 0 0 0 0 0 0 0 0 0 3 4 0 0 6 0 0 0 0 0 0 0 0 0 0 0 0 0 0 3 0 0 6 0 0 0 0 0 0 0 0 0 0 3 0 0 6 0 0 0 0 0 0 0 0 0 6 0 0 5 0 0 0 0 0 0 0 0 0 0 0 0 3 0 0 0 0 0 0 0 0 0 0 0 0 4 0 0 0 0 0 0 0 0 0 0 0 5 0 0 0 0 0 0 0 0 0 0 0 0 0 0 0 0 0 0 0 0 0 0 0 0 0 0 0 0 0 0 0 0 0 0 0 0 12 0 0 18 0 9 0 15 18 0 9 0 0 0 9 0 18 9 0 18 0 0 12 0 0 15 0
0 0 0 0 1 0 0 0 0 0 0 1 0 0 0 0 0 0 0 0 0 0 0 0 0 0 0 0 0 1 0 0 0 0 0 0 0 1 0 0 0 0 0 0 0 0 0 0 0 0 0 0 1 0 0 1 0 0 0 0 0 0 0 0 0 0 0 0 0 0 0 0 0 0 0 0 0 0 0 0 0 0 3 0 3 0 0 0 0 0 0 0 0 0 0 0 0 0 0 0 0 0 0 0 0 0 3 0 3 0 1 2 0 4 2 2 2 0 2 2 0 0 0 0 0 0 0 0 0 4 2 0 1 2 0 4 2 0 2 0 0 0 0 0 0 0 0 2 1 0 0 2 2 0 2 2 0 0 0 0 0 0 0 0 2 1 2 2 0 4 2 0 0 0 0 0 0 0 0 0 2 2 0 2 4 0 1 0 0 0 0 0 0 0 0 0 2 2 0 4 4 0 0 0 0 0 0 0 0 2 4 0 2 1 0 0 0 0 0 0 0 0 1 2 0 4 0 0 0 0 0 0 0 0 1 2 0 0 0 0 0 0 0 0 0 1 2 0 0 0 0 0 0 0 0 2 0 0 0 0 0 0 0 0 0 0 0 0 0 0 0 0 0 12 0 0 18 0 9 0 15 18 0 9 0 0 0 9 0 18 9 0 18 0 0 12 0 0 15 0
0 0 0 0 0 1 0 0 0 0 0 0 1 0 0 0 0 0 0 0 0 0 0 0 0 0 0 0 0 0 0 1 0 0 0 0 1 0 0 0 0 0 0 0 0 0 0 0 0 0 0 0 0 0 1 0 0 0 0 0 1 0 0 0 0 0 0 0 0 0 0 0 0 0 0 0 0 0 0 0 0 0 0 0 0 0 0 3 0 3 0 0 0 0 0 0 0 0 0 0 0 0 0 3 0 3 0 0 0 0 4 4 0 2 1 2 1 0 2 2 0 0 0 0 0 0 0 0 0 2 1 0 2 2 0 2 2 0 2 0 0 0 0 0 0 0 0 2 4 0 0 2 2 0 1 1 0 0 0 0 0 0 0 0 2 4 1 2 0 2 4 0 0 0 0 0 0 0 0 0 2 1 0 2 2 0 2 0 0 0 0 0 0 0 0 0 2 2 0 2 2 0 0 0 0 0 0 0 0 4 2 0 2 4 0 0 0 0 0 0 0 0 4 1 0 2 0 0 0 0 0 0 0 0 2 1 0 0 0 0 0 0 0 0 0 4 2 0 0 0 0 0 0 0 0 2 0 0 0 0 0 0 0 0 0 0 0 0 0 0 0 0 0 15 0 0 9 0 18 0 12 9 0 18 0 0 0 18 0 9 18 0 9 0 0 15 0 0 12 0
0 0 0 0 0 0 0 0 0 1 0 0 0 1 0 0 0 0 0 0 0 0 0 0 0 0 0 0 0 0 0 0 0 0 0 1 0 0 1 0 0 0 0 0 0 0 0 0 0 0 1 0 0 1 0 0 0 0 0 0 0 0 0 0 0 0 0 0 0 0 0 0 0 0 0 0 0 0 0 0 0 0 0 0 0 0 0 3 0 3 0 0 0 0 0 0 0 0 0 0 0 0 0 3 0 3 0 0 0 0 0 0 5 0 0 0 0 3 0 0 6 0 0 0 0 0 0 0 0 0 0 4 0 0 3 0 0 6 0 0 0 0 0 0 0 0 0 0 0 6 5 0 0 3 0 0 0 0 0 0 0 0 0 0 0 0 0 0 6 0 0 3 0 0 0 0 0 0 0 0 0 0 6 0 0 3 0 0 0 0 0 0 0 0 0 3 0 0 4 0 0 0 0 0 0 0 0 0 0 0 0 6 0 0 0 0 0 0 0 0 0 0 0 0 5 0 0 0 0 0 0 0 0 0 0 0 4 0 0 0 0 0 0 0 0 0 0 0 0 0 0 0 0 0 0 0 0 0 0 0 0 0 0 0 0 0 0 0 0 0 0 0 0 15 0 0 9 0 18 0 12 9 0 18 0 0 0 18 0 9 18 0 9 0 0 15 0 0 12 0
0 0 0 0 0 0 0 1 0 0 0 0 0 0 1 0 0 0 0 0 0 0 0 0 0 0 0 0 0 0 0 0 0 1 1 0 0 0 0 0 0 0 0 0 0 0 0 0 0 1 0 1 0 0 0 0 0 0 0 0 0 0 0 0 0 0 0 0 0 0 0 0 0 0 0 0 0 0 0 0 0 0 3 0 3 0 0 0 0 0 0 0 0 0 0 0 0 0 0 0 0 0 0 0 0 0 3 0 3 0 2 2 0 2 4 2 2 0 1 2 0 0 0 0 0 0 0 0 0 2 4 0 4 1 0 1 2 0 2 0 0 0 0 0 0 0 0 2 2 0 0 2 1 0 2 4 0 0 0 0 0 0 0 0 1 2 2 2 0 2 2 0 0 0 0 0 0 0 0 0 2 4 0 2 1 0 4 0 0 0 0 0 0 0 0 0 1 2 0 2 1 0 0 0 0 0 0 0 0 2 2 0 2 2 0 0 0 0 0 0 0 0 2 4 0 2 0 0 0 0 0 0 0 0 4 4 0 0 0 0 0 0 0 0 0 2 2 0 0 0 0 0 0 0 0 1 0 0 0 0 0 0 0 0 0 0 0 0 0 0 0 0 0 12 0 0 18 0 9 0 15 18 0 9 0 0 0 9 0 18 9 0 18 0 0 12 0 0 15 0
0 0 0 0 0 0 0 0 1 0 0 0 0 0 0 1 0 0 0 0 0 0 0 0 0 0 0 0 1 0 0 0 1 0 0 0 0 0 0 0 0 0 0 0 0 0 0 0 0 0 0 0 0 0 0 0 0 1 1 0 0 0 0 0 0 0 0 0 0 0 0 0 0 0 0 0 0 0 0 0 0 0 0 0 0 0 0 3 0 3 0 0 0 0 0 0 0 0 0 0 0 0 0 3 0 3 0 0 0 0 2 1 0 1 2 2 4 0 4 2 0 0 0 0 0 0 0 0 0 1 2 0 2 4 0 2 2 0 2 0 0 0 0 0 0 0 0 2 2 0 0 2 4 0 4 2 0 0 0 0 0 0 0 0 4 2 4 2 0 1 1 0 0 0 0 0 0 0 0 0 2 2 0 2 2 0 2 0 0 0 0 0 0 0 0 0 4 2 0 1 2 0 0 0 0 0 0 0 0 1 1 0 2 2 0 0 0 0 0 0 0 0 2 2 0 1 0 0 0 0 0 0 0 0 2 2 0 0 0 0 0 0 0 0 0 2 2 0 0 0 0 0 0 0 0 4 0 0 0 0 0 0 0 0 0 0 0 0 0 0 0 0 0 15 0 0 9 0 18 0 12 9 0 18 0 0 0 18 0 9 18 0 9 0 0 15 0 0 12 0
0 0 0 0 0 0 0 0 0 0 0 0 0 0 0 0 1 0 0 0 1 0 0 0 0 0 0 0 0 0 0 0 0 0 0 0 0 0 0 1 0 0 0 1 0 0 0 0 0 0 0 0 0 0 0 0 0 0 0 0 0 1 0 0 0 1 0 0 0 0 1 0 0 0 0 0 1 0 0 0 1 0 0 0 0 0 0 0 3 0 0 0 1 1 0 0 0 1 0 0 0 0 0 0 3 0 0 0 0 0 0 0 0 0 0 0 0 0 0 0 0 2 4 2 1 2 2 2 2 0 0 0 0 0 0 0 0 0 0 2 1 1 2 2 2 4 4 0 0 0 0 0 0 0 0 0 2 2 2 2 2 4 2 1 0 0 0 0 0 0 0 0 2 2 2 2 2 4 2 1 0 0 0 0 0 0 0 2 2 4 4 2 1 1 2 0 0 0 0 0 0 2 2 4 4 2 1 1 2 0 0 0 0 0 2 4 2 1 2 2 2 2 0 0 0 0 2 2 2 2 2 4 2 1 0 0 0 2 2 4 4 2 1 1 2 0 0 2 1 1 2 2 2 4 4 0 2 4 2 1 2 2 2 2 2 1 1 2 2 2 4 4 3 0 12 6 0 6 0 6 0 0 12 0 6 6 6 0 6 0 0 6 0 3 3 0 12 6 0 6
0 0 0 0 0 0 0 0 0 0 0 0 0 0 0 0 0 1 0 0 0 1 0 0 0 0 0 0 0 0 0 0 0 0 0 0 0 0 0 0 1 0 0 0 1 0 0 0 0 0 0 0 0 0 0 0 0 0 0 0 0 0 1 0 0 0 1 0 0 0 0 0 0 0 1 1 0 0 1 0 0 0 0 0 0 3 0 0 0 0 0 1 0 0 0 0 0 0 0 1 0 1 0 0 0 0 0 0 0 3 0 0 0 0 0 0 0 0 0 0 0 4 2 2 4 2 2 1 1 0 0 0 0 0 0 0 0 0 0 1 2 4 2 2 2 2 2 0 0 0 0 0 0 0 0 0 2 2 1 1 4 2 2 4 0 0 0 0 0 0 0 0 2 2 1 1 4 2 2 4 0 0 0 0 0 0 0 2 2 2 2 1 2 4 2 0 0 0 0 0 0 2 2 2 2 1 2 4 2 0 0 0 0 0 4 2 2 4 2 2 1 1 0 0 0 0 2 2 1 1 4 2 2 4 0 0 0 2 2 2 2 1 2 4 2 0 0 1 2 4 2 2 2 2 2 0 4 2 2 4 2 2 1 1 1 2 4 2 2 2 2 2 12 0 6 3 0 6 0 3 0 0 6 0 6 6 6 0 12 0 0 6 0 6 12 0 6 3 0 6
0 0 0 0 0 0 0 0 0 0 0 0 0 0 0 0 0 0 1 0 0 0 1 0 0 0 0 0 0 0 0 0 0 0 0 0 0 0 0 0 0 1 0 0 0 1 0 0 0 0 0 0 0 0 0 0 0 0 0 0 0 0 0 1 0 0 0 1 0 0 0 0 1 1 0 0 0 1 0 0 0 0 0 0 0 0 3 0 0 0 1 0 0 0 0 0 1 0 0 0 1 0 3 0 0 0 0 0 0 0 0 0 0 0 0 0 0 0 0 0 0 2 2 2 2 2 1 2 4 0 0 0 0 0 0 0 0 0 0 4 4 2 2 1 2 2 1 0 0 0 0 0 0 0 0 0 2 1 2 4 2 2 2 2 0 0 0 0 0 0 0 0 2 1 2 4 2 2 2 2 0 0 0 0 0 0 0 1 2 2 1 4 4 2 2 0 0 0 0 0 0 1 2 2 1 4 4 2 2 0 0 0 0 0 2 2 2 2 2 1 2 4 0 0 0 0 2 1 2 4 2 2 2 2 0 0 0 1 2 2 1 4 4 2 2 0 0 4 4 2 2 1 2 2 1 0 2 2 2 2 2 1 2 4 4 4 2 2 1 2 2 1 6 0 6 6 0 6 0 12 0 0 3 0 6 3 6 0 6 0 0 6 0 12 6 0 6 12 0 3
0 0 0 0 0 0 0 0 0 0 0 0 0 0 0 0 0 0 0 1 0 0 0 1 0 0 0 0 0 0 0 0 0 0 0 0 0 0 0 0 0 0 1 0 0 0 1 0 0 0 0 0 0 0 0 0 0 0 0 0 0 0 0 0 1 0 0 0 1 0 0 1 0 0 0 0 0 0 0 1 0 1 0 3 0 0 0 0 0 0 0 0 0 0 1 1 0 0 1 0 0 0 0 0 0 0 0 3 0 0 0 0 0 0 0 0 0 0 0 0 0 1 1 2 2 2 4 4 2 0 0 0 0 0 0 0 0 0 0 2 2 2 2 4 2 1 2 0 0 0 0 0 0 0 0 0 2 4 4 2 1 1 2 2 0 0 0 0 0 0 0 0 2 4 4 2 1 1 2 2 0 0 0 0 0 0 0 4 2 1 2 2 2 2 2 0 0 0 0 0 0 4 2 1 2 2 2 2 2 0 0 0 0 0 1 1 2 2 2 4 4 2 0 0 0 0 2 4 4 2 1 1 2 2 0 0 0 4 2 1 2 2 2 2 2 0 0 2 2 2 2 4 2 1 2 0 1 1 2 2 2 4 4 2 2 2 2 2 4 2 1 2 6 0 3 12 0 6 0 6 0 0 6 0 6 12 6 0 3 0 0 6 0 6 6 0 3 6 0 12
0 0 0 0 0 0 0 0 0 0 0 0 0 0 0 0 1 0 0 0 1 0 0 0 0 0 0 0 0 0 0 0 0 0 0 0 0 0 0 1 0 0 0 1 0 0 0 0 0 0 0 0 0 0 0 0 0 0 0 0 0 1 0 0 0 1 0 0 0 0 1 0 0 0 0 0 1 0 0 0 1 0 0 0 0 0 0 0 3 0 0 0 1 1 0 0 0 1 0 0 0 0 0 0 3 0 0 0 0 0 0 0 0 0 0 0 0 0 0 0 0 2 4 2 1 2 2 2 2 0 0 0 0 0 0 0 0 0 0 2 1 1 2 2 2 4 4 0 0 0 0 0 0 0 0 0 2 2 2 2 2 4 2 1 0 0 0 0 0 0 0 0 2 2 2 2 2 4 2 1 0 0 0 0 0 0 0 2 2 4 4 2 1 1 2 0 0 0 0 0 0 2 2 4 4 2 1 1 2 0 0 0 0 0 2 4 2 1 2 2 2 2 0 0 0 0 2 2 2 2 2 4 2 1 0 0 0 2 2 4 4 2 1 1 2 0 0 2 1 1 2 2 2 4 4 0 2 4 2 1 2 2 2 2 2 1 1 2 2 2 4 4 3 0 12 6 0 6 0 6 0 0 12 0 6 6 6 0 6 0 0 6 0 3 3 0 12 6 0 6
0 0 0 0 0 0 0 0 0 0 0 0 0 0 0 0 0 1 0 0 0 1 0 0 0 0 0 0 0 0 0 0 0 0 0 0 0 0 0 0 1 0 0 0 1 0 0 0 0 0 0 0 0 0 0 0 0 0 0 0 0 0 1 0 0 0 1 0 0 0 0 0 0 0 1 1 0 0 1 0 0 0 0 0 0 3 0 0 0 0 0 1 0 0 0 0 0 0 0 1 0 1 0 0 0 0 0 0 0 3 0 0 0 0 0 0 0 0 0 0 0 4 2 2 4 2 2 1 1 0 0 0 0 0 0 0 0 0 0 1 2 4 2 2 2 2 2 0 0 0 0 0 0 0 0 0 2 2 1 1 4 2 2 4 0 0 0 0 0 0 0 0 2 2 1 1 4 2 2 4 0 0 0 0 0 0 0 2 2 2 2 1 2 4 2 0 0 0 0 0 0 2 2 2 2 1 2 4 2 0 0 0 0 0 4 2 2 4 2 2 1 1 0 0 0 0 2 2 1 1 4 2 2 4 0 0 0 2 2 2 2 1 2 4 2 0 0 1 2 4 2 2 2 2 2 0 4 2 2 4 2 2 1 1 1 2 4 2 2 2 2 2 12 0 6 3 0 6 0 3 0 0 6 0 6 6 6 0 12 0 0 6 0 6 12 0 6 3 0 6
0 0 0 0 0 0 0 0 0 0 0 0 0 0 0 0 0 0 1 0 0 0 1 0 0 0 0 0 0 0 0 0 0 0 0 0 0 0 0 0 0 1 0 0 0 1 0 0 0 0 0 0 0 0 0 0 0 0 0 0 0 0 0 1 0 0 0 1 0 0 0 0 1 1 0 0 0 1 0 0 0 0 0 0 0 0 3 0 0 0 1 0 0 0 0 0 1 0 0 0 1 0 3 0 0 0 0 0 0 0 0 0 0 0 0 0 0 0 0 0 0 2 2 2 2 2 1 2 4 0 0 0 0 0 0 0 0 0 0 4 4 2 2 1 2 2 1 0 0 0 0 0 0 0 0 0 2 1 2 4 2 2 2 2 0 0 0 0 0 0 0 0 2 1 2 4 2 2 2 2 0 0 0 0 0 0 0 1 2 2 1 4 4 2 2 0 0 0 0 0 0 1 2 2 1 4 4 2 2 0 0 0 0 0 2 2 2 2 2 1 2 4 0 0 0 0 2 1 2 4 2 2 2 2 0 0 0 1 2 2 1 4 4 2 2 0 0 4 4 2 2 1 2 2 1 0 2 2 2 2 2 1 2 4 4 4 2 2 1 2 2 1 6 0 6 6 0 6 0 12 0 0 3 0 6 3 6 0 6 0 0 6 0 12 6 0 6 12 0 3
0 0 0 0 0 0 0 0 0 0 0 0 0 0 0 0 0 0 0 1 0 0 0 1 0 0 0 0 0 0 0 0 0 0 0 0 0 0 0 0 0 0 1 0 0 0 1 0 0 0 0 0 0 0 0 0 0 0 0 0 0 0 0 0 1 0 0 0 1 0 0 1 0 0 0 0 0 0 0 1 0 1 0 3 0 0 0 0 0 0 0 0 0 0 1 1 0 0 1 0 0 0 0 0 0 0 0 3 0 0 0 0 0 0 0 0 0 0 0 0 0 1 1 2 2 2 4 4 2 0 0 0 0 0 0 0 0 0 0 2 2 2 2 4 2 1 2 0 0 0 0 0 0 0 0 0 2 4 4 2 1 1 2 2 0 0 0 0 0 0 0 0 2 4 4 2 1 1 2 2 0 0 0 0 0 0 0 4 2 1 2 2 2 2 2 0 0 0 0 0 0 4 2 1 2 2 2 2 2 0 0 0 0 0 1 1 2 2 2 4 4 2 0 0 0 0 2 4 4 2 1 1 2 2 0 0 0 4 2 1 2 2 2 2 2 0 0 2 2 2 2 4 2 1 2 0 1 1 2 2 2 4 4 2 2 2 2 2 4 2 1 2 6 0 3 12 0 6 0 6 0 0 6 0 6 12 6 0 3 0 0 6 0 6 6 0 3 6 0 12
