20 19
1 1 1 3 3 12 12 12 12 12 12 12 12 12 36 36 36 36 36 36
222 222 0 0 66 66 99 66 66 99 66 99 66 0 0 0 0 0 0
1 1 0 0 0 0 0 0 0 0 0 0 0 0 0 0 0 0 0 1 0 0 0 0 0 0 0 0 0 0 0 0 0 0 0 0 0 0 0 0 0 0 0 0 0 0 0 0 0 0 0 0 0 0 0 0 0 0 0 0 0 0 0 0 0 0 0 0 0 0 0 0 0 0 0 0 0 0 0 0 0 0 0 0 0 0 0 0 0 12 12 0 0 0 0 0 0 0 0 0 0 0 0 0 12 12 0 0 0 0 0 0 12 12 0 0 0 0 0 0 0 0 0 0 12 0 0 0 0 0 0 0 0 0 0 0 0 0 0 0 0 0 0 0 0 12 0 0 0 0 0 0 0 0 0 0 0 0 0 0 0 0 12 0 0 0 0 0 0 0 0 0 0 0 0 0 0 0 0 0 0 0 0 0 0 0 0 0 0 0
1 1 0 0 0 0 0 0 0 0 0 0 0 0 0 0 0 0 0 1 0 0 0 0 0 0 0 0 0 0 0 0 0 0 0 0 0 0 0 0 0 0 0 0 0 0 0 0 0 0 0 0 0 0 0 0 0 0 0 0 0 0 0 0 0 0 0 0 0 0 0 0 0 0 0 0 0 0 0 0 0 0 0 0 0 0 0 0 0 12 12 0 0 0 0 0 0 0 0 0 0 0 0 0 12 12 0 0 0 0 0 0 12 12 0 0 0 0 0 0 0 0 0 0 12 0 0 0 0 0 0 0 0 0 0 0 0 0 0 0 0 0 0 0 0 12 0 0 0 0 0 0 0 0 0 0 0 0 0 0 0 0 12 0 0 0 0 0 0 0 0 0 0 0 0 0 0 0 0 0 0 0 0 0 0 0 0 0 0 0
0 0 1 1 0 0 0 0 0 0 0 0 0 0 0 0 0 0 0 0 1 1 0 0 0 0 0 0 0 0 0 0 0 0 0 0 0 1 1 0 0 0 0 0 0 0 0 0 0 0 0 0 0 0 3 0 0 0 0 0 0 0 0 0 0 0 0 0 0 0 0 0 0 0 0 0 0 0 0 0 0 0 0 0 0 0 0 0 0 0 0 0 0 0 0 12 12 0 0 0 0 0 0 0 0 0 12 0 0 0 12 0 0 0 0 0 0 0 0 12 0 0 0 12 0 0 0 0 0 0 12 0 0 0 12 0 0 0 0 0 12 0 0 0 12 0 0 0 0 0 12 12 0 0 0 0 0 0 12 12 0 0 0 12 0 0 0 12 0 12 0 0 0 12 0 0 0 0 36 0 0 0 0 36 36 0 0 0 0 0
0 0 1 1 0 0 0 0 0 0 0 0 0 0 0 0 0 0 0 0 1 1 0 0 0 0 0 0 0 0 0 0 0 0 0 0 0 1 1 0 0 0 0 0 0 0 0 0 0 0 0 0 0 0 3 0 0 0 0 0 0 0 0 0 0 0 0 0 0 0 0 0 0 0 0 0 0 0 0 0 0 0 0 0 0 0 0 0 0 0 0 0 0 0 0 12 12 0 0 0 0 0 0 0 0 0 12 0 0 0 12 0 0 0 0 0 0 0 0 12 0 0 0 12 0 0 0 0 0 0 12 0 0 0 12 0 0 0 0 0 12 0 0 0 12 0 0 0 0 0 12 12 0 0 0 0 0 0 12 12 0 0 0 12 0 0 0 12 0 12 0 0 0 12 0 0 0 0 36 0 0 0 0 36 36 0 0 0 0 0
0 0 0 0 1 0 0 0 0 0 1 0 0 0 0 0 0 0 0 0 0 0 0 0 0 0 0 1 1 0 0 0 0 0 0 0 0 0 0 1 0 0 0 0 1 0 0 0 0 0 0 0 0 0 0 0 0 0 0 0 0 0 0 0 0 0 6 0 0 0 0 0 0 0 0 0 0 0 0 0 0 0 6 0 0 5 4 0 4 2 2 5 0 0 0 0 0 0 0 3 3 0 5 0 4 4 0 0 0 0 0 0 5 5 0 4 0 3 0 0 0 0 0 0 5 4 4 3 0 0 0 0 0 0 0 4 0 3 3 0 0 0 0 0 0 2 0 5 0 0 0 0 0 0 5 5 0 0 0 0 0 0 4 0 0 0 0 0 0 0 0 0 0 0 0 0 30 0 0 18 0 24 18 0 0 0 24 30 0 0
0 0 0 0 0 1 0 0 0 0 0 0 1 0 0 0 0 0 0 0 0 0 0 1 0 0 0 0 0 1 0 0 0 0 0 0 0 0 0 0 0 0 0 0 0 0 1 1 0 0 0 0 0 0 0 0 0 0 0 0 0 0 0 0 6 0 0 0 0 0 0 0 0 0 0 0 0 0 0 0 0 0 0 6 0 4 3 0 3 5 5 4 0 0 0 0 0 0 0 5 5 0 4 0 2 2 0 0 0 0 0 0 4 4 0 3 0 5 0 0 0 0 0 0 4 3 3 5 0 0 0 0 0 0 0 3 0 5 5 0 0 0 0 0 0 5 0 4 0 0 0 0 0 0 4 4 0 0 0 0 0 0 2 0 0 0 0 0 0 0 0 0 0 0 0 0 24 0 0 30 0 18 30 0 0 0 18 24 0 0
0 0 0 0 0 0 2 0 0 0 0 0 0 0 0 0 0 0 0 0 0 0 0 0 0 2 0 0 0 0 0 0 0 0 0 0 0 0 0 0 0 0 0 2 0 0 0 0 0 0 0 0 0 0 0 0 0 0 0 0 0 0 0 0 0 0 0 0 0 6 0 0 0 0 0 0 0 0 0 0 6 0 0 0 0 0 0 10 0 0 0 0 6 0 0 0 0 0 0 0 0 8 0 6 0 0 0 0 0 0 0 0 0 0 10 0 8 0 0 0 0 0 0 0 0 0 0 0 8 0 0 0 0 0 0 0 10 0 0 0 0 0 0 0 0 0 6 0 0 0 0 0 0 0 0 0 0 0 0 0 0 0 0 0 0 0 0 0 0 0 0 0 0 0 0 0 18 0 0 24 0 30 24 0 0 0 30 18 0 0
0 0 0 0 0 0 0 1 1 0 0 0 0 0 0 0 0 0 0 0 0 0 0 0 1 0 1 0 0 0 0 0 0 0 0 0 0 0 0 0 0 1 1 0 0 0 0 0 0 0 0 0 0 0 0 0 0 0 0 0 0 0 0 0 0 0 0 0 0 6 0 0 0 0 0 0 0 0 0 0 6 0 0 0 0 3 5 0 5 4 4 3 0 0 0 0 0 0 0 4 4 0 3 0 5 5 0 0 0 0 0 0 2 2 0 5 0 4 0 0 0 0 0 0 2 5 5 4 0 0 0 0 0 0 0 5 0 4 4 0 0 0 0 0 0 4 0 3 0 0 0 0 0 0 3 3 0 0 0 0 0 0 5 0 0 0 0 0 0 0 0 0 0 0 0 0 18 0 0 24 0 30 24 0 0 0 30 18 0 0
0 0 0 0 0 0 0 1 1 0 0 0 0 0 0 0 0 0 0 0 0 0 0 0 1 0 1 0 0 0 0 0 0 0 0 0 0 0 0 0 0 1 1 0 0 0 0 0 0 0 0 0 0 0 0 0 0 0 0 0 0 0 0 0 0 0 0 0 0 6 0 0 0 0 0 0 0 0 0 0 6 0 0 0 0 3 5 0 5 4 4 3 0 0 0 0 0 0 0 4 4 0 3 0 5 5 0 0 0 0 0 0 2 2 0 5 0 4 0 0 0 0 0 0 2 5 5 4 0 0 0 0 0 0 0 5 0 4 4 0 0 0 0 0 0 4 0 3 0 0 0 0 0 0 3 3 0 0 0 0 0 0 5 0 0 0 0 0 0 0 0 0 0 0 0 0 18 0 0 24 0 30 24 0 0 0 30 18 0 0
0 0 0 0 0 0 0 0 0 2 0 0 0 0 0 0 0 0 0 0 0 0 2 0 0 0 0 0 0 0 0 0 0 0 0 0 0 0 0 0 0 0 0 0 0 2 0 0 0 0 0 0 0 0 0 0 0 0 0 0 0 0 0 0 0 0 6 0 0 0 0 0 0 0 0 0 0 0 0 0 0 0 6 0 0 0 0 8 0 0 0 0 10 0 0 0 0 0 0 0 0 6 0 10 0 0 0 0 0 0 0 0 0 0 8 0 6 0 0 0 0 0 0 0 0 0 0 0 6 0 0 0 0 0 0 0 8 0 0 0 0 0 0 0 0 0 10 0 0 0 0 0 0 0 0 0 0 0 0 0 0 0 0 0 0 0 0 0 0 0 0 0 0 0 0 0 30 0 0 18 0 24 18 0 0 0 24 30 0 0
0 0 0 0 1 0 0 0 0 0 1 0 0 0 0 0 0 0 0 0 0 0 0 0 0 0 0 1 1 0 0 0 0 0 0 0 0 0 0 1 0 0 0 0 1 0 0 0 0 0 0 0 0 0 0 0 0 0 0 0 0 0 0 0 0 0 6 0 0 0 0 0 0 0 0 0 0 0 0 0 0 0 6 0 0 5 4 0 4 2 2 5 0 0 0 0 0 0 0 3 3 0 5 0 4 4 0 0 0 0 0 0 5 5 0 4 0 3 0 0 0 0 0 0 5 4 4 3 0 0 0 0 0 0 0 4 0 3 3 0 0 0 0 0 0 2 0 5 0 0 0 0 0 0 5 5 0 0 0 0 0 0 4 0 0 0 0 0 0 0 0 0 0 0 0 0 30 0 0 18 0 24 18 0 0 0 24 30 0 0
0 0 0 0 0 0 0 0 0 0 0 2 0 0 0 0 0 0 0 0 0 0 0 0 0 0 0 0 0 0 2 0 0 0 0 0 0 0 0 0 2 0 0 0 0 0 0 0 0 0 0 0 0 0 0 0 0 0 0 0 0 0 0 0 6 0 0 0 0 0 0 0 0 0 0 0 0 0 0 0 0 0 0 6 0 0 0 6 0 0 0 0 8 0 0 0 0 0 0 0 0 10 0 8 0 0 0 0 0 0 0 0 0 0 6 0 10 0 0 0 0 0 0 0 0 0 0 0 10 0 0 0 0 0 0 0 6 0 0 0 0 0 0 0 0 0 8 0 0 0 0 0 0 0 0 0 0 0 0 0 0 0 0 0 0 0 0 0 0 0 0 0 0 0 0 0 24 0 0 30 0 18 30 0 0 0 18 24 0 0
0 0 0 0 0 1 0 0 0 0 0 0 1 0 0 0 0 0 0 0 0 0 0 1 0 0 0 0 0 1 0 0 0 0 0 0 0 0 0 0 0 0 0 0 0 0 1 1 0 0 0 0 0 0 0 0 0 0 0 0 0 0 0 0 6 0 0 0 0 0 0 0 0 0 0 0 0 0 0 0 0 0 0 6 0 4 3 0 3 5 5 4 0 0 0 0 0 0 0 5 5 0 4 0 2 2 0 0 0 0 0 0 4 4 0 3 0 5 0 0 0 0 0 0 4 3 3 5 0 0 0 0 0 0 0 3 0 5 5 0 0 0 0 0 0 5 0 4 0 0 0 0 0 0 4 4 0 0 0 0 0 0 2 0 0 0 0 0 0 0 0 0 0 0 0 0 24 0 0 30 0 18 30 0 0 0 18 24 0 0
0 0 0 0 0 0 0 0 0 0 0 0 0 1 0 0 0 1 0 0 0 0 0 0 0 0 0 0 0 0 0 1 0 0 0 1 0 0 0 0 0 0 0 0 0 0 0 0 1 0 0 0 1 0 0 0 1 0 0 0 0 0 1 1 0 0 0 0 3 0 0 1 0 0 0 0 0 1 1 3 0 0 0 0 0 0 0 0 0 0 0 0 0 4 3 5 5 4 3 0 0 0 0 0 0 0 2 5 4 4 2 5 0 0 0 0 0 0 5 4 3 3 5 4 0 0 0 0 0 5 4 3 3 5 4 0 0 0 0 5 4 3 3 5 4 0 0 0 4 3 5 5 4 3 0 0 4 3 5 5 4 3 0 2 5 4 4 2 5 2 5 4 4 2 5 15 0 12 6 0 9 0 0 12 15 12 0 0 9 15
0 0 0 0 0 0 0 0 0 0 0 0 0 0 1 0 0 0 1 0 0 0 0 0 0 0 0 0 0 0 0 0 1 0 0 0 1 0 0 0 0 0 0 0 0 0 0 0 0 1 0 0 0 1 0 0 0 1 1 1 0 0 0 0 0 3 0 0 0 0 0 0 1 1 1 0 0 0 0 0 0 0 0 0 3 0 0 0 0 0 0 0 0 3 5 4 4 3 5 0 0 0 0 0 0 0 5 4 3 3 5 4 0 0 0 0 0 0 4 2 5 5 4 2 0 0 0 0 0 4 2 5 5 4 2 0 0 0 0 4 2 5 5 4 2 0 0 0 3 5 4 4 3 5 0 0 3 5 4 4 3 5 0 5 4 3 3 5 4 5 4 3 3 5 4 12 0 9 15 0 15 0 0 6 12 9 0 0 15 12
0 0 0 0 0 0 0 0 0 0 0 0 0 0 0 1 1 0 0 0 0 0 0 0 0 0 0 0 0 0 0 0 0 1 1 0 0 0 0 0 0 0 0 0 0 0 0 0 0 0 1 1 0 0 0 1 0 0 0 0 1 1 0 0 0 0 0 3 0 0 1 0 0 0 0 1 1 0 0 0 0 3 0 0 0 0 0 0 0 0 0 0 0 5 4 2 2 5 4 0 0 0 0 0 0 0 4 3 5 5 4 3 0 0 0 0 0 0 3 5 4 4 3 5 0 0 0 0 0 3 5 4 4 3 5 0 0 0 0 3 5 4 4 3 5 0 0 0 5 4 2 2 5 4 0 0 5 4 2 2 5 4 0 4 3 5 5 4 3 4 3 5 5 4 3 9 0 15 12 0 12 0 0 15 6 15 0 0 12 9
0 0 0 0 0 0 0 0 0 0 0 0 0 0 0 1 1 0 0 0 0 0 0 0 0 0 0 0 0 0 0 0 0 1 1 0 0 0 0 0 0 0 0 0 0 0 0 0 0 0 1 1 0 0 0 1 0 0 0 0 1 1 0 0 0 0 0 3 0 0 1 0 0 0 0 1 1 0 0 0 0 3 0 0 0 0 0 0 0 0 0 0 0 5 4 2 2 5 4 0 0 0 0 0 0 0 4 3 5 5 4 3 0 0 0 0 0 0 3 5 4 4 3 5 0 0 0 0 0 3 5 4 4 3 5 0 0 0 0 3 5 4 4 3 5 0 0 0 5 4 2 2 5 4 0 0 5 4 2 2 5 4 0 4 3 5 5 4 3 4 3 5 5 4 3 9 0 15 12 0 12 0 0 15 6 15 0 0 12 9
0 0 0 0 0 0 0 0 0 0 0 0 0 1 0 0 0 1 0 0 0 0 0 0 0 0 0 0 0 0 0 1 0 0 0 1 0 0 0 0 0 0 0 0 0 0 0 0 1 0 0 0 1 0 0 0 1 0 0 0 0 0 1 1 0 0 0 0 3 0 0 1 0 0 0 0 0 1 1 3 0 0 0 0 0 0 0 0 0 0 0 0 0 4 3 5 5 4 3 0 0 0 0 0 0 0 2 5 4 4 2 5 0 0 0 0 0 0 5 4 3 3 5 4 0 0 0 0 0 5 4 3 3 5 4 0 0 0 0 5 4 3 3 5 4 0 0 0 4 3 5 5 4 3 0 0 4 3 5 5 4 3 0 2 5 4 4 2 5 2 5 4 4 2 5 15 0 12 6 0 9 0 0 12 15 12 0 0 9 15
0 0 0 0 0 0 0 0 0 0 0 0 0 0 1 0 0 0 1 0 0 0 0 0 0 0 0 0 0 0 0 0 1 0 0 0 1 0 0 0 0 0 0 0 0 0 0 0 0 1 0 0 0 1 0 0 0 1 1 1 0 0 0 0 0 3 0 0 0 0 0 0 1 1 1 0 0 0 0 0 0 0 0 0 3 0 0 0 0 0 0 0 0 3 5 4 4 3 5 0 0 0 0 0 0 0 5 4 3 3 5 4 0 0 0 0 0 0 4 2 5 5 4 2 0 0 0 0 0 4 2 5 5 4 2 0 0 0 0 4 2 5 5 4 2 0 0 0 3 5 4 4 3 5 0 0 3 5 4 4 3 5 0 5 4 3 3 5 4 5 4 3 3 5 4 12 0 9 15 0 15 0 0 6 12 9 0 0 15 12
